0.000000 -0.325000
0.002778 -0.273038
0.005556 -0.268038
0.008333 -0.320000
0.011111 -0.391962
0.013889 -0.396962
0.016667 -0.340000
0.019444 -0.263038
0.022222 -0.258038
0.025000 -0.315000
0.027778 -0.391962
0.030556 -0.406962
0.033333 -0.355000
0.036111 -0.283038
0.038889 -0.273038
0.041667 -0.305000
0.044444 -0.356962
0.047222 -0.386962
0.050000 -0.350000
0.052778 -0.318038
0.055556 -0.313038
0.058333 -0.350000
0.061111 -0.406962
0.063889 -0.416962
0.066667 -0.380000
0.069444 -0.318038
0.072222 -0.303038
0.075000 -0.325000
0.077778 -0.371962
0.080556 -0.371962
0.083333 -0.345000
0.086111 -0.313038
0.088889 -0.323038
0.091667 -0.360000
0.094444 -0.401962
0.097222 -0.401962
0.100000 -0.370000
0.102778 -0.313038
0.105556 -0.313038
0.108333 -0.350000
0.111111 -0.396962
0.113889 -0.416962
0.116667 -0.385000
0.119444 -0.333038
0.122222 -0.318038
0.125000 -0.350000
0.127778 -0.426962
0.130556 -0.441962
0.133333 -0.385000
0.136111 -0.338038
0.138889 -0.328038
0.141667 -0.405000
0.144444 -0.466962
0.147222 -0.476962
0.150000 -0.385000
0.152778 -0.303038
0.155556 -0.293038
0.158333 -0.360000
0.161111 -0.421962
0.163889 -0.441962
0.166667 -0.395000
0.169444 -0.323038
0.172222 -0.308038
0.175000 -0.355000
0.177778 -0.406962
0.180556 -0.401962
0.183333 -0.360000
0.186111 -0.313038
0.188889 -0.298038
0.191667 -0.325000
0.194444 -0.346962
0.197222 -0.356962
0.200000 -0.335000
0.202778 -0.298038
0.205556 -0.293038
0.208333 -0.320000
0.211111 -0.351962
0.213889 -0.336962
0.216667 -0.285000
0.219444 -0.238038
0.222222 -0.228038
0.225000 -0.230000
0.227778 -0.281962
0.230556 -0.296962
0.233333 -0.260000
0.236111 -0.218038
0.238889 -0.203038
0.241667 -0.260000
0.244444 -0.296962
0.247222 -0.321962
0.250000 -0.265000
0.252778 -0.218038
0.255556 -0.198038
0.258333 -0.220000
0.261111 -0.266962
0.263889 -0.301962
0.266667 -0.280000
0.269444 -0.263038
0.272222 -0.278038
0.275000 -0.330000
0.277778 -0.401962
0.280556 -0.396962
0.283333 -0.375000
0.286111 -0.333038
0.288889 -0.328038
0.291667 -0.350000
0.294444 -0.391962
0.297222 -0.386962
0.300000 -0.340000
0.302778 -0.318038
0.305556 -0.333038
0.308333 -0.380000
0.311111 -0.421962
0.313889 -0.401962
0.316667 -0.355000
0.319444 -0.318038
0.322222 -0.328038
0.325000 -0.385000
0.327778 -0.431962
0.330556 -0.441962
0.333333 -0.390000
0.336111 -0.338038
0.338889 -0.333038
0.341667 -0.380000
0.344444 -0.451962
0.347222 -0.451962
0.350000 -0.400000
0.352778 -0.353038
0.355556 -0.393038
0.358333 -0.465000
0.361111 -0.501962
0.363889 -0.506962
0.366667 -0.490000
0.369444 -0.523038
0.372222 -0.573038
0.375000 -0.620000
0.377778 -0.621962
0.380556 -0.536962
0.383333 -0.375000
0.386111 -0.178038
0.388889 0.041962
0.391667 0.270000
0.394444 0.478038
0.397222 0.678038
0.400000 0.785000
0.402778 0.726962
0.405556 0.421962
0.408333 0.020000
0.411111 -0.346962
0.413889 -0.516962
0.416667 -0.515000
0.419444 -0.463038
0.422222 -0.423038
0.425000 -0.435000
0.427778 -0.456962
0.430556 -0.451962
0.433333 -0.405000
0.436111 -0.348038
0.438889 -0.318038
0.441667 -0.350000
0.444444 -0.386962
0.447222 -0.406962
0.450000 -0.365000
0.452778 -0.318038
0.455556 -0.318038
0.458333 -0.375000
0.461111 -0.451962
0.463889 -0.456962
0.466667 -0.385000
0.469444 -0.318038
0.472222 -0.288038
0.475000 -0.340000
0.477778 -0.391962
0.480556 -0.401962
0.483333 -0.345000
0.486111 -0.308038
0.488889 -0.323038
0.491667 -0.370000
0.494444 -0.391962
0.497222 -0.381962
0.500000 -0.350000
0.502778 -0.298038
0.505556 -0.283038
0.508333 -0.330000
0.511111 -0.376962
0.513889 -0.381962
0.516667 -0.340000
0.519444 -0.283038
0.522222 -0.288038
0.525000 -0.365000
0.527778 -0.441962
0.530556 -0.426962
0.533333 -0.350000
0.536111 -0.293038
0.538889 -0.278038
0.541667 -0.315000
0.544444 -0.361962
0.547222 -0.391962
0.550000 -0.370000
0.552778 -0.333038
0.555556 -0.313038
0.558333 -0.360000
0.561111 -0.411962
0.563889 -0.396962
0.566667 -0.315000
0.569444 -0.248038
0.572222 -0.223038
0.575000 -0.285000
0.577778 -0.341962
0.580556 -0.346962
0.583333 -0.315000
0.586111 -0.268038
0.588889 -0.263038
0.591667 -0.305000
0.594444 -0.351962
0.597222 -0.371962
0.600000 -0.325000
0.602778 -0.263038
0.605556 -0.223038
0.608333 -0.270000
0.611111 -0.341962
0.613889 -0.361962
0.616667 -0.300000
0.619444 -0.238038
0.622222 -0.223038
0.625000 -0.275000
0.627778 -0.331962
0.630556 -0.356962
0.633333 -0.340000
0.636111 -0.298038
0.638889 -0.288038
0.641667 -0.330000
0.644444 -0.386962
0.647222 -0.386962
0.650000 -0.335000
0.652778 -0.273038
0.655556 -0.253038
0.658333 -0.295000
0.661111 -0.346962
0.663889 -0.341962
0.666667 -0.300000
0.669444 -0.233038
0.672222 -0.213038
0.675000 -0.250000
0.677778 -0.296962
0.680556 -0.296962
0.683333 -0.235000
0.686111 -0.178038
0.688889 -0.168038
0.691667 -0.185000
0.694444 -0.221962
0.697222 -0.251962
0.700000 -0.205000
0.702778 -0.133038
0.705556 -0.093038
0.708333 -0.125000
0.711111 -0.186962
0.713889 -0.216962
0.716667 -0.185000
0.719444 -0.138038
0.722222 -0.103038
0.725000 -0.110000
0.727778 -0.141962
0.730556 -0.176962
0.733333 -0.130000
0.736111 -0.078038
0.738889 -0.073038
0.741667 -0.120000
0.744444 -0.181962
0.747222 -0.171962
0.750000 -0.095000
0.752778 -0.028038
0.755556 -0.033038
0.758333 -0.080000
0.761111 -0.141962
0.763889 -0.151962
0.766667 -0.130000
0.769444 -0.098038
0.772222 -0.083038
0.775000 -0.115000
0.777778 -0.166962
0.780556 -0.166962
0.783333 -0.145000
0.786111 -0.083038
0.788889 -0.053038
0.791667 -0.075000
0.794444 -0.136962
0.797222 -0.156962
0.800000 -0.135000
0.802778 -0.098038
0.805556 -0.073038
0.808333 -0.105000
0.811111 -0.151962
0.813889 -0.156962
0.816667 -0.125000
0.819444 -0.088038
0.822222 -0.083038
0.825000 -0.100000
0.827778 -0.166962
0.830556 -0.181962
0.833333 -0.145000
0.836111 -0.078038
0.838889 -0.053038
0.841667 -0.090000
0.844444 -0.171962
0.847222 -0.191962
0.850000 -0.155000
0.852778 -0.103038
0.855556 -0.098038
0.858333 -0.140000
0.861111 -0.166962
0.863889 -0.146962
0.866667 -0.125000
0.869444 -0.098038
0.872222 -0.088038
0.875000 -0.125000
0.877778 -0.191962
0.880556 -0.201962
0.883333 -0.130000
0.886111 -0.043038
0.888889 -0.003038
0.891667 -0.050000
0.894444 -0.116962
0.897222 -0.116962
0.900000 -0.080000
0.902778 -0.028038
0.905556 -0.038038
0.908333 -0.090000
0.911111 -0.131962
0.913889 -0.131962
0.916667 -0.080000
0.919444 -0.048038
0.922222 -0.038038
0.925000 -0.075000
0.927778 -0.091962
0.930556 -0.056962
0.933333 0.010000
0.936111 0.071962
0.938889 0.076962
0.941667 0.045000
0.944444 -0.006962
0.947222 -0.006962
0.950000 0.040000
0.952778 0.096962
0.955556 0.106962
0.958333 0.080000
0.961111 0.023038
0.963889 -0.001962
0.966667 -0.010000
0.969444 0.021962
0.972222 0.016962
0.975000 -0.015000
0.977778 -0.041962
0.980556 -0.011962
0.983333 0.065000
0.986111 0.141962
0.988889 0.141962
0.991667 0.065000
0.994444 -0.001962
0.997222 -0.036962
1.000000 -0.005000
1.002778 0.021962
1.005556 0.006962
1.008333 -0.045000
1.011111 -0.096962
1.013889 -0.111962
1.016667 -0.100000
1.019444 -0.043038
1.022222 -0.018038
1.025000 -0.030000
1.027778 -0.086962
1.030556 -0.126962
1.033333 -0.105000
1.036111 -0.043038
1.038889 -0.033038
1.041667 -0.075000
1.044444 -0.151962
1.047222 -0.166962
1.050000 -0.130000
1.052778 -0.073038
1.055556 -0.048038
1.058333 -0.085000
1.061111 -0.131962
1.063889 -0.121962
1.066667 -0.070000
1.069444 -0.023038
1.072222 -0.033038
1.075000 -0.095000
1.077778 -0.141962
1.080556 -0.141962
1.083333 -0.085000
1.086111 -0.023038
1.088889 -0.013038
1.091667 -0.070000
1.094444 -0.166962
1.097222 -0.206962
1.100000 -0.190000
1.102778 -0.153038
1.105556 -0.188038
1.108333 -0.255000
1.111111 -0.281962
1.113889 -0.181962
1.116667 -0.035000
1.119444 0.126962
1.122222 0.266962
1.125000 0.405000
1.127778 0.608038
1.130556 0.808038
1.133333 0.960000
1.136111 0.996962
1.138889 0.861962
1.141667 0.535000
1.144444 0.133038
1.147222 -0.141962
1.150000 -0.235000
1.152778 -0.193038
1.155556 -0.118038
1.158333 -0.105000
1.161111 -0.161962
1.163889 -0.181962
1.166667 -0.140000
1.169444 -0.088038
1.172222 -0.058038
1.175000 -0.090000
1.177778 -0.131962
1.180556 -0.131962
1.183333 -0.115000
1.186111 -0.088038
1.188889 -0.083038
1.191667 -0.115000
1.194444 -0.156962
1.197222 -0.146962
1.200000 -0.110000
1.202778 -0.068038
1.205556 -0.068038
1.208333 -0.120000
1.211111 -0.156962
1.213889 -0.141962
1.216667 -0.095000
1.219444 -0.058038
1.222222 -0.048038
1.225000 -0.085000
1.227778 -0.141962
1.230556 -0.146962
1.233333 -0.110000
1.236111 -0.078038
1.238889 -0.078038
1.241667 -0.115000
1.244444 -0.151962
1.247222 -0.156962
1.250000 -0.115000
1.252778 -0.073038
1.255556 -0.068038
1.258333 -0.125000
1.261111 -0.181962
1.263889 -0.191962
1.266667 -0.145000
1.269444 -0.083038
1.272222 -0.063038
1.275000 -0.100000
1.277778 -0.146962
1.280556 -0.151962
1.283333 -0.110000
1.286111 -0.063038
1.288889 -0.058038
1.291667 -0.090000
1.294444 -0.156962
1.297222 -0.151962
1.300000 -0.110000
1.302778 -0.058038
1.305556 -0.053038
1.308333 -0.105000
1.311111 -0.151962
1.313889 -0.151962
1.316667 -0.115000
1.319444 -0.068038
1.322222 -0.043038
1.325000 -0.095000
1.327778 -0.141962
1.330556 -0.136962
1.333333 -0.095000
1.336111 -0.048038
1.338889 -0.048038
1.341667 -0.100000
1.344444 -0.151962
1.347222 -0.156962
1.350000 -0.125000
1.352778 -0.078038
1.355556 -0.078038
1.358333 -0.125000
1.361111 -0.186962
1.363889 -0.171962
1.366667 -0.135000
1.369444 -0.083038
1.372222 -0.083038
1.375000 -0.125000
1.377778 -0.176962
1.380556 -0.186962
1.383333 -0.150000
1.386111 -0.108038
1.388889 -0.078038
1.391667 -0.100000
1.394444 -0.151962
1.397222 -0.156962
1.400000 -0.105000
1.402778 -0.053038
1.405556 -0.043038
1.408333 -0.110000
1.411111 -0.181962
1.413889 -0.181962
1.416667 -0.135000
1.419444 -0.073038
1.422222 -0.083038
1.425000 -0.105000
1.427778 -0.156962
1.430556 -0.161962
1.433333 -0.130000
1.436111 -0.083038
1.438889 -0.063038
1.441667 -0.105000
1.444444 -0.131962
1.447222 -0.131962
1.450000 -0.080000
1.452778 -0.013038
1.455556 0.021962
1.458333 -0.030000
1.461111 -0.076962
1.463889 -0.086962
1.466667 -0.040000
1.469444 0.021962
1.472222 0.056962
1.475000 0.015000
1.477778 -0.061962
1.480556 -0.071962
1.483333 -0.025000
1.486111 0.011962
1.488889 0.006962
1.491667 -0.055000
1.494444 -0.101962
1.497222 -0.081962
1.500000 -0.030000
1.502778 0.031962
1.505556 0.026962
1.508333 -0.025000
1.511111 -0.056962
1.513889 -0.076962
1.516667 -0.045000
1.519444 -0.013038
1.522222 -0.008038
1.525000 -0.050000
1.527778 -0.091962
1.530556 -0.101962
1.533333 -0.035000
1.536111 0.011962
1.538889 0.021962
1.541667 -0.020000
1.544444 -0.081962
1.547222 -0.086962
1.550000 -0.050000
1.552778 -0.013038
1.555556 -0.003038
1.558333 -0.050000
1.561111 -0.121962
1.563889 -0.111962
1.566667 -0.080000
1.569444 -0.038038
1.572222 -0.033038
1.575000 -0.080000
1.577778 -0.121962
1.580556 -0.131962
1.583333 -0.080000
1.586111 -0.043038
1.588889 -0.023038
1.591667 -0.065000
1.594444 -0.121962
1.597222 -0.126962
1.600000 -0.095000
1.602778 -0.048038
1.605556 -0.053038
1.608333 -0.105000
1.611111 -0.156962
1.613889 -0.161962
1.616667 -0.120000
1.619444 -0.078038
1.622222 -0.068038
1.625000 -0.115000
1.627778 -0.161962
1.630556 -0.156962
1.633333 -0.100000
1.636111 -0.053038
1.638889 -0.053038
1.641667 -0.110000
1.644444 -0.166962
1.647222 -0.166962
1.650000 -0.130000
1.652778 -0.083038
1.655556 -0.083038
1.658333 -0.125000
1.661111 -0.166962
1.663889 -0.146962
1.666667 -0.095000
1.669444 -0.048038
1.672222 -0.043038
1.675000 -0.080000
1.677778 -0.116962
1.680556 -0.121962
1.683333 -0.090000
1.686111 -0.033038
1.688889 -0.018038
1.691667 -0.065000
1.694444 -0.101962
1.697222 -0.111962
1.700000 -0.055000
1.702778 0.006962
1.705556 0.006962
1.708333 -0.040000
1.711111 -0.091962
1.713889 -0.106962
1.716667 -0.060000
1.719444 -0.018038
1.722222 -0.003038
1.725000 -0.055000
1.727778 -0.116962
1.730556 -0.106962
1.733333 -0.055000
1.736111 0.021962
1.738889 0.036962
1.741667 -0.030000
1.744444 -0.101962
1.747222 -0.136962
1.750000 -0.120000
1.752778 -0.068038
1.755556 -0.083038
1.758333 -0.125000
1.761111 -0.186962
1.763889 -0.201962
1.766667 -0.175000
1.769444 -0.128038
1.772222 -0.118038
1.775000 -0.180000
1.777778 -0.236962
1.780556 -0.261962
1.783333 -0.220000
1.786111 -0.163038
1.788889 -0.163038
1.791667 -0.215000
1.794444 -0.266962
1.797222 -0.286962
1.800000 -0.225000
1.802778 -0.183038
1.805556 -0.183038
1.808333 -0.230000
1.811111 -0.286962
1.813889 -0.276962
1.816667 -0.235000
1.819444 -0.178038
1.822222 -0.198038
1.825000 -0.240000
1.827778 -0.286962
1.830556 -0.296962
1.833333 -0.250000
1.836111 -0.188038
1.838889 -0.198038
1.841667 -0.240000
1.844444 -0.301962
1.847222 -0.341962
1.850000 -0.335000
1.852778 -0.313038
1.855556 -0.318038
1.858333 -0.395000
1.861111 -0.481962
1.863889 -0.511962
1.866667 -0.440000
1.869444 -0.288038
1.872222 -0.153038
1.875000 -0.055000
1.877778 0.053038
1.880556 0.268038
1.883333 0.560000
1.886111 0.801962
1.888889 0.946962
1.891667 0.920000
1.894444 0.728038
1.897222 0.443038
1.900000 0.130000
1.902778 -0.148038
1.905556 -0.348038
1.908333 -0.460000
1.911111 -0.526962
1.913889 -0.511962
1.916667 -0.440000
1.919444 -0.358038
1.922222 -0.303038
1.925000 -0.325000
1.927778 -0.381962
1.930556 -0.386962
1.933333 -0.340000
1.936111 -0.288038
1.938889 -0.278038
1.941667 -0.325000
1.944444 -0.376962
1.947222 -0.386962
1.950000 -0.355000
1.952778 -0.303038
1.955556 -0.293038
1.958333 -0.340000
1.961111 -0.396962
1.963889 -0.411962
1.966667 -0.370000
1.969444 -0.318038
1.972222 -0.308038
1.975000 -0.345000
1.977778 -0.406962
1.980556 -0.426962
1.983333 -0.375000
1.986111 -0.323038
1.988889 -0.308038
1.991667 -0.360000
1.994444 -0.416962
1.997222 -0.411962
2.000000 -0.365000
2.002778 -0.328038
2.005556 -0.313038
2.008333 -0.350000
2.011111 -0.391962
2.013889 -0.421962
2.016667 -0.365000
2.019444 -0.308038
2.022222 -0.308038
2.025000 -0.360000
2.027778 -0.406962
2.030556 -0.426962
2.033333 -0.380000
2.036111 -0.328038
2.038889 -0.323038
2.041667 -0.360000
2.044444 -0.426962
2.047222 -0.431962
2.050000 -0.385000
2.052778 -0.338038
2.055556 -0.333038
2.058333 -0.380000
2.061111 -0.431962
2.063889 -0.441962
2.066667 -0.400000
2.069444 -0.348038
2.072222 -0.333038
2.075000 -0.380000
2.077778 -0.431962
2.080556 -0.441962
2.083333 -0.390000
2.086111 -0.338038
2.088889 -0.328038
2.091667 -0.380000
2.094444 -0.431962
2.097222 -0.431962
2.100000 -0.385000
2.102778 -0.338038
2.105556 -0.343038
2.108333 -0.380000
2.111111 -0.451962
2.113889 -0.451962
2.116667 -0.410000
2.119444 -0.353038
2.122222 -0.353038
2.125000 -0.395000
2.127778 -0.446962
2.130556 -0.461962
2.133333 -0.420000
2.136111 -0.363038
2.138889 -0.363038
2.141667 -0.400000
2.144444 -0.456962
2.147222 -0.461962
2.150000 -0.410000
2.152778 -0.383038
2.155556 -0.378038
2.158333 -0.410000
2.161111 -0.461962
2.163889 -0.456962
2.166667 -0.415000
2.169444 -0.378038
2.172222 -0.363038
2.175000 -0.405000
2.177778 -0.461962
2.180556 -0.456962
2.183333 -0.415000
2.186111 -0.353038
2.188889 -0.348038
2.191667 -0.390000
2.194444 -0.436962
2.197222 -0.441962
2.200000 -0.380000
2.202778 -0.333038
2.205556 -0.308038
2.208333 -0.335000
2.211111 -0.386962
2.213889 -0.386962
2.216667 -0.330000
2.219444 -0.278038
2.222222 -0.258038
2.225000 -0.305000
2.227778 -0.351962
2.230556 -0.346962
2.233333 -0.300000
2.236111 -0.253038
2.238889 -0.238038
2.241667 -0.280000
2.244444 -0.346962
2.247222 -0.346962
2.250000 -0.300000
2.252778 -0.253038
2.255556 -0.238038
2.258333 -0.270000
2.261111 -0.326962
2.263889 -0.331962
2.266667 -0.295000
2.269444 -0.248038
2.272222 -0.238038
2.275000 -0.285000
2.277778 -0.336962
2.280556 -0.336962
2.283333 -0.295000
2.286111 -0.253038
2.288889 -0.253038
2.291667 -0.295000
2.294444 -0.351962
2.297222 -0.351962
2.300000 -0.310000
2.302778 -0.258038
2.305556 -0.253038
2.308333 -0.305000
2.311111 -0.351962
2.313889 -0.346962
2.316667 -0.310000
2.319444 -0.258038
2.322222 -0.263038
2.325000 -0.305000
2.327778 -0.351962
2.330556 -0.361962
2.333333 -0.320000
2.336111 -0.288038
2.338889 -0.283038
2.341667 -0.330000
2.344444 -0.381962
2.347222 -0.391962
2.350000 -0.340000
2.352778 -0.298038
2.355556 -0.298038
2.358333 -0.335000
2.361111 -0.391962
2.363889 -0.401962
2.366667 -0.350000
2.369444 -0.308038
2.372222 -0.293038
2.375000 -0.330000
2.377778 -0.391962
2.380556 -0.401962
2.383333 -0.355000
2.386111 -0.308038
2.388889 -0.303038
2.391667 -0.355000
2.394444 -0.406962
2.397222 -0.406962
2.400000 -0.375000
2.402778 -0.328038
2.405556 -0.308038
2.408333 -0.345000
2.411111 -0.386962
2.413889 -0.381962
2.416667 -0.330000
2.419444 -0.278038
2.422222 -0.268038
2.425000 -0.305000
2.427778 -0.341962
2.430556 -0.326962
2.433333 -0.290000
2.436111 -0.238038
2.438889 -0.218038
2.441667 -0.265000
2.444444 -0.306962
2.447222 -0.296962
2.450000 -0.255000
2.452778 -0.198038
2.455556 -0.193038
2.458333 -0.235000
2.461111 -0.296962
2.463889 -0.306962
2.466667 -0.265000
2.469444 -0.223038
2.472222 -0.208038
2.475000 -0.250000
2.477778 -0.301962
2.480556 -0.301962
2.483333 -0.250000
2.486111 -0.193038
2.488889 -0.163038
2.491667 -0.215000
2.494444 -0.286962
2.497222 -0.321962
2.500000 -0.290000
2.502778 -0.263038
2.505556 -0.258038
2.508333 -0.335000
2.511111 -0.401962
2.513889 -0.411962
2.516667 -0.375000
2.519444 -0.333038
2.522222 -0.338038
2.525000 -0.380000
2.527778 -0.426962
2.530556 -0.431962
2.533333 -0.395000
2.536111 -0.348038
2.538889 -0.338038
2.541667 -0.380000
2.544444 -0.441962
2.547222 -0.451962
2.550000 -0.400000
2.552778 -0.353038
2.555556 -0.348038
2.558333 -0.395000
2.561111 -0.441962
2.563889 -0.446962
2.566667 -0.400000
2.569444 -0.353038
2.572222 -0.343038
2.575000 -0.385000
2.577778 -0.441962
2.580556 -0.446962
2.583333 -0.405000
2.586111 -0.368038
2.588889 -0.373038
2.591667 -0.445000
2.594444 -0.516962
2.597222 -0.561962
2.600000 -0.535000
2.602778 -0.518038
2.605556 -0.548038
2.608333 -0.595000
2.611111 -0.581962
2.613889 -0.491962
2.616667 -0.315000
2.619444 -0.128038
2.622222 0.066962
2.625000 0.275000
2.627778 0.463038
2.630556 0.618038
2.633333 0.695000
2.636111 0.621962
2.638889 0.336962
2.641667 -0.065000
2.644444 -0.421962
2.647222 -0.581962
2.650000 -0.575000
2.652778 -0.483038
2.655556 -0.418038
2.658333 -0.430000
2.661111 -0.476962
2.663889 -0.491962
2.666667 -0.450000
2.669444 -0.393038
2.672222 -0.378038
2.675000 -0.425000
2.677778 -0.476962
2.680556 -0.491962
2.683333 -0.465000
2.686111 -0.418038
2.688889 -0.393038
2.691667 -0.440000
2.694444 -0.496962
2.697222 -0.511962
2.700000 -0.455000
2.702778 -0.393038
2.705556 -0.388038
2.708333 -0.440000
2.711111 -0.491962
2.713889 -0.491962
2.716667 -0.455000
2.719444 -0.403038
2.722222 -0.388038
2.725000 -0.435000
2.727778 -0.481962
2.730556 -0.491962
2.733333 -0.450000
2.736111 -0.388038
2.738889 -0.378038
2.741667 -0.425000
2.744444 -0.471962
2.747222 -0.481962
2.750000 -0.440000
2.752778 -0.388038
2.755556 -0.393038
2.758333 -0.430000
2.761111 -0.486962
2.763889 -0.486962
2.766667 -0.450000
2.769444 -0.393038
2.772222 -0.393038
2.775000 -0.445000
2.777778 -0.491962
2.780556 -0.496962
2.783333 -0.440000
2.786111 -0.408038
2.788889 -0.383038
2.791667 -0.425000
2.794444 -0.466962
2.797222 -0.481962
2.800000 -0.435000
2.802778 -0.388038
2.805556 -0.373038
2.808333 -0.415000
2.811111 -0.471962
2.813889 -0.471962
2.816667 -0.445000
2.819444 -0.388038
2.822222 -0.383038
2.825000 -0.430000
2.827778 -0.471962
2.830556 -0.481962
2.833333 -0.440000
2.836111 -0.388038
2.838889 -0.378038
2.841667 -0.420000
2.844444 -0.481962
2.847222 -0.486962
2.850000 -0.435000
2.852778 -0.393038
2.855556 -0.388038
2.858333 -0.430000
2.861111 -0.471962
2.863889 -0.476962
2.866667 -0.435000
2.869444 -0.393038
2.872222 -0.383038
2.875000 -0.430000
2.877778 -0.481962
2.880556 -0.491962
2.883333 -0.445000
2.886111 -0.408038
2.888889 -0.388038
2.891667 -0.445000
2.894444 -0.501962
2.897222 -0.501962
2.900000 -0.460000
2.902778 -0.408038
2.905556 -0.403038
2.908333 -0.440000
2.911111 -0.486962
2.913889 -0.491962
2.916667 -0.445000
2.919444 -0.398038
2.922222 -0.378038
2.925000 -0.415000
2.927778 -0.456962
2.930556 -0.441962
2.933333 -0.385000
2.936111 -0.323038
2.938889 -0.313038
2.941667 -0.360000
2.944444 -0.401962
2.947222 -0.391962
2.950000 -0.345000
2.952778 -0.298038
2.955556 -0.283038
2.958333 -0.320000
2.961111 -0.376962
2.963889 -0.376962
2.966667 -0.320000
2.969444 -0.278038
2.972222 -0.268038
2.975000 -0.320000
2.977778 -0.361962
2.980556 -0.371962
2.983333 -0.320000
2.986111 -0.268038
2.988889 -0.278038
2.991667 -0.310000
2.994444 -0.361962
2.997222 -0.366962
3.000000 -0.320000
3.002778 -0.273038
3.005556 -0.263038
3.008333 -0.300000
3.011111 -0.351962
3.013889 -0.351962
3.016667 -0.315000
3.019444 -0.258038
3.022222 -0.253038
3.025000 -0.295000
3.027778 -0.346962
3.030556 -0.356962
3.033333 -0.315000
3.036111 -0.263038
3.038889 -0.268038
3.041667 -0.320000
3.044444 -0.356962
3.047222 -0.366962
3.050000 -0.315000
3.052778 -0.278038
3.055556 -0.278038
3.058333 -0.320000
3.061111 -0.366962
3.063889 -0.386962
3.066667 -0.345000
3.069444 -0.303038
3.072222 -0.288038
3.075000 -0.320000
3.077778 -0.376962
3.080556 -0.376962
3.083333 -0.335000
3.086111 -0.293038
3.088889 -0.283038
3.091667 -0.335000
3.094444 -0.386962
3.097222 -0.391962
3.100000 -0.350000
3.102778 -0.313038
3.105556 -0.288038
3.108333 -0.350000
3.111111 -0.391962
3.113889 -0.401962
3.116667 -0.355000
3.119444 -0.313038
3.122222 -0.298038
3.125000 -0.350000
3.127778 -0.401962
3.130556 -0.406962
3.133333 -0.360000
3.136111 -0.328038
3.138889 -0.308038
3.141667 -0.330000
3.144444 -0.391962
3.147222 -0.376962
3.150000 -0.335000
3.152778 -0.278038
3.155556 -0.263038
3.158333 -0.315000
3.161111 -0.351962
3.163889 -0.351962
3.166667 -0.290000
3.169444 -0.243038
3.172222 -0.228038
3.175000 -0.275000
3.177778 -0.321962
3.180556 -0.321962
3.183333 -0.280000
3.186111 -0.223038
3.188889 -0.218038
3.191667 -0.255000
3.194444 -0.306962
3.197222 -0.291962
3.200000 -0.260000
3.202778 -0.213038
3.205556 -0.208038
3.208333 -0.260000
3.211111 -0.311962
3.213889 -0.311962
3.216667 -0.275000
3.219444 -0.208038
3.222222 -0.198038
3.225000 -0.250000
3.227778 -0.276962
3.230556 -0.261962
3.233333 -0.225000
3.236111 -0.203038
3.238889 -0.243038
3.241667 -0.300000
3.244444 -0.351962
3.247222 -0.356962
3.250000 -0.350000
3.252778 -0.308038
3.255556 -0.313038
3.258333 -0.370000
3.261111 -0.431962
3.263889 -0.436962
3.266667 -0.395000
3.269444 -0.348038
3.272222 -0.333038
3.275000 -0.390000
3.277778 -0.436962
3.280556 -0.441962
3.283333 -0.400000
3.286111 -0.348038
3.288889 -0.338038
3.291667 -0.385000
3.294444 -0.436962
3.297222 -0.441962
3.300000 -0.400000
3.302778 -0.353038
3.305556 -0.358038
3.308333 -0.400000
3.311111 -0.446962
3.313889 -0.451962
3.316667 -0.425000
3.319444 -0.408038
3.322222 -0.433038
3.325000 -0.510000
3.327778 -0.576962
3.330556 -0.616962
3.333333 -0.625000
3.336111 -0.588038
3.338889 -0.528038
3.341667 -0.480000
3.344444 -0.441962
3.347222 -0.371962
3.350000 -0.235000
3.352778 -0.043038
3.355556 0.161962
3.358333 0.350000
3.361111 0.493038
3.363889 0.613038
3.366667 0.720000
3.369444 0.686962
3.372222 0.446962
3.375000 0.050000
3.377778 -0.321962
3.380556 -0.551962
3.383333 -0.580000
3.386111 -0.513038
3.388889 -0.443038
3.391667 -0.445000
3.394444 -0.496962
3.397222 -0.506962
3.400000 -0.460000
3.402778 -0.413038
3.405556 -0.393038
3.408333 -0.435000
3.411111 -0.491962
3.413889 -0.506962
3.416667 -0.455000
3.419444 -0.403038
3.422222 -0.393038
3.425000 -0.435000
3.427778 -0.486962
3.430556 -0.486962
3.433333 -0.450000
3.436111 -0.408038
3.438889 -0.408038
3.441667 -0.455000
3.444444 -0.496962
3.447222 -0.491962
3.450000 -0.455000
3.452778 -0.403038
3.455556 -0.393038
3.458333 -0.440000
3.461111 -0.501962
3.463889 -0.491962
3.466667 -0.460000
3.469444 -0.408038
3.472222 -0.398038
3.475000 -0.450000
3.477778 -0.496962
3.480556 -0.501962
3.483333 -0.445000
3.486111 -0.403038
3.488889 -0.383038
3.491667 -0.435000
3.494444 -0.486962
3.497222 -0.491962
3.500000 -0.450000
3.502778 -0.403038
3.505556 -0.393038
3.508333 -0.440000
3.511111 -0.496962
3.513889 -0.491962
3.516667 -0.465000
3.519444 -0.418038
3.522222 -0.388038
3.525000 -0.440000
3.527778 -0.491962
3.530556 -0.501962
3.533333 -0.445000
3.536111 -0.388038
3.538889 -0.378038
3.541667 -0.435000
3.544444 -0.476962
3.547222 -0.486962
3.550000 -0.440000
3.552778 -0.398038
3.555556 -0.388038
3.558333 -0.435000
3.561111 -0.486962
3.563889 -0.481962
3.566667 -0.450000
3.569444 -0.413038
3.572222 -0.408038
3.575000 -0.455000
3.577778 -0.486962
3.580556 -0.506962
3.583333 -0.450000
3.586111 -0.413038
3.588889 -0.398038
3.591667 -0.455000
3.594444 -0.501962
3.597222 -0.511962
3.600000 -0.465000
3.602778 -0.413038
3.605556 -0.423038
3.608333 -0.460000
3.611111 -0.501962
3.613889 -0.511962
3.616667 -0.475000
3.619444 -0.443038
3.622222 -0.423038
3.625000 -0.455000
3.627778 -0.501962
3.630556 -0.501962
3.633333 -0.460000
3.636111 -0.413038
3.638889 -0.408038
3.641667 -0.445000
3.644444 -0.506962
3.647222 -0.501962
3.650000 -0.450000
3.652778 -0.388038
3.655556 -0.373038
3.658333 -0.420000
3.661111 -0.446962
3.663889 -0.436962
3.666667 -0.370000
3.669444 -0.333038
3.672222 -0.328038
3.675000 -0.370000
3.677778 -0.421962
3.680556 -0.406962
3.683333 -0.360000
3.686111 -0.313038
3.688889 -0.293038
3.691667 -0.345000
3.694444 -0.401962
3.697222 -0.401962
3.700000 -0.350000
3.702778 -0.308038
3.705556 -0.308038
3.708333 -0.340000
3.711111 -0.386962
3.713889 -0.396962
3.716667 -0.345000
3.719444 -0.308038
3.722222 -0.288038
3.725000 -0.335000
3.727778 -0.366962
3.730556 -0.381962
3.733333 -0.345000
3.736111 -0.313038
3.738889 -0.298038
3.741667 -0.350000
3.744444 -0.401962
3.747222 -0.406962
3.750000 -0.360000
3.752778 -0.318038
3.755556 -0.313038
3.758333 -0.350000
3.761111 -0.416962
3.763889 -0.411962
3.766667 -0.380000
3.769444 -0.328038
3.772222 -0.323038
3.775000 -0.370000
3.777778 -0.411962
3.780556 -0.426962
3.783333 -0.375000
3.786111 -0.333038
3.788889 -0.318038
3.791667 -0.370000
3.794444 -0.406962
3.797222 -0.426962
3.800000 -0.370000
3.802778 -0.323038
3.805556 -0.318038
3.808333 -0.370000
3.811111 -0.421962
3.813889 -0.431962
3.816667 -0.385000
3.819444 -0.343038
3.822222 -0.338038
3.825000 -0.380000
3.827778 -0.436962
3.830556 -0.436962
3.833333 -0.395000
3.836111 -0.353038
3.838889 -0.333038
3.841667 -0.385000
3.844444 -0.431962
3.847222 -0.441962
3.850000 -0.390000
3.852778 -0.343038
3.855556 -0.333038
3.858333 -0.365000
3.861111 -0.406962
3.863889 -0.406962
3.866667 -0.345000
3.869444 -0.303038
3.872222 -0.278038
3.875000 -0.315000
3.877778 -0.361962
3.880556 -0.361962
3.883333 -0.310000
3.886111 -0.253038
3.888889 -0.258038
3.891667 -0.285000
3.894444 -0.326962
3.897222 -0.321962
3.900000 -0.275000
3.902778 -0.233038
3.905556 -0.213038
3.908333 -0.270000
3.911111 -0.326962
3.913889 -0.331962
3.916667 -0.300000
3.919444 -0.238038
3.922222 -0.238038
3.925000 -0.270000
3.927778 -0.311962
3.930556 -0.296962
3.933333 -0.230000
3.936111 -0.208038
3.938889 -0.248038
3.941667 -0.310000
3.944444 -0.361962
3.947222 -0.361962
3.950000 -0.315000
3.952778 -0.288038
3.955556 -0.298038
3.958333 -0.360000
3.961111 -0.416962
3.963889 -0.416962
3.966667 -0.390000
3.969444 -0.353038
3.972222 -0.353038
3.975000 -0.405000
3.977778 -0.451962
3.980556 -0.451962
3.983333 -0.420000
3.986111 -0.373038
3.988889 -0.363038
3.991667 -0.415000
3.994444 -0.456962
3.997222 -0.471962
4.000000 -0.435000
4.002778 -0.388038
4.005556 -0.378038
4.008333 -0.430000
4.011111 -0.481962
4.013889 -0.486962
4.016667 -0.440000
4.019444 -0.393038
4.022222 -0.383038
4.025000 -0.425000
4.027778 -0.476962
4.030556 -0.501962
4.033333 -0.470000
4.036111 -0.463038
4.038889 -0.473038
4.041667 -0.540000
4.044444 -0.651962
4.047222 -0.686962
4.050000 -0.615000
4.052778 -0.468038
4.055556 -0.353038
4.058333 -0.260000
4.061111 -0.131962
4.063889 0.118038
4.066667 0.430000
4.069444 0.671962
4.072222 0.746962
4.075000 0.570000
4.077778 0.198038
4.080556 -0.186962
4.083333 -0.435000
4.086111 -0.543038
4.088889 -0.558038
4.091667 -0.580000
4.094444 -0.576962
4.097222 -0.551962
4.100000 -0.495000
4.102778 -0.448038
4.105556 -0.433038
4.108333 -0.475000
4.111111 -0.506962
4.113889 -0.511962
4.116667 -0.470000
4.119444 -0.433038
4.122222 -0.433038
4.125000 -0.480000
4.127778 -0.526962
4.130556 -0.526962
4.133333 -0.490000
4.136111 -0.443038
4.138889 -0.438038
4.141667 -0.485000
4.144444 -0.526962
4.147222 -0.541962
4.150000 -0.480000
4.152778 -0.443038
4.155556 -0.433038
4.158333 -0.480000
4.161111 -0.531962
4.163889 -0.531962
4.166667 -0.490000
4.169444 -0.453038
4.172222 -0.448038
4.175000 -0.485000
4.177778 -0.531962
4.180556 -0.536962
4.183333 -0.485000
4.186111 -0.443038
4.188889 -0.433038
4.191667 -0.485000
4.194444 -0.526962
4.197222 -0.536962
4.200000 -0.490000
4.202778 -0.453038
4.205556 -0.443038
4.208333 -0.490000
4.211111 -0.531962
4.213889 -0.526962
4.216667 -0.480000
4.219444 -0.438038
4.222222 -0.433038
4.225000 -0.465000
4.227778 -0.511962
4.230556 -0.531962
4.233333 -0.485000
4.236111 -0.443038
4.238889 -0.438038
4.241667 -0.480000
4.244444 -0.531962
4.247222 -0.526962
4.250000 -0.480000
4.252778 -0.438038
4.255556 -0.423038
4.258333 -0.460000
4.261111 -0.516962
4.263889 -0.511962
4.266667 -0.470000
4.269444 -0.433038
4.272222 -0.433038
4.275000 -0.480000
4.277778 -0.536962
4.280556 -0.541962
4.283333 -0.490000
4.286111 -0.448038
4.288889 -0.433038
4.291667 -0.490000
4.294444 -0.551962
4.297222 -0.546962
4.300000 -0.510000
4.302778 -0.458038
4.305556 -0.458038
4.308333 -0.510000
4.311111 -0.556962
4.313889 -0.561962
4.316667 -0.505000
4.319444 -0.468038
4.322222 -0.473038
4.325000 -0.515000
4.327778 -0.561962
4.330556 -0.576962
4.333333 -0.520000
4.336111 -0.468038
4.338889 -0.473038
4.341667 -0.500000
4.344444 -0.531962
4.347222 -0.526962
4.350000 -0.470000
4.352778 -0.408038
4.355556 -0.388038
4.358333 -0.430000
4.361111 -0.471962
4.363889 -0.471962
4.366667 -0.420000
4.369444 -0.363038
4.372222 -0.358038
4.375000 -0.395000
4.377778 -0.441962
4.380556 -0.436962
4.383333 -0.390000
4.386111 -0.348038
4.388889 -0.343038
4.391667 -0.375000
4.394444 -0.426962
4.397222 -0.431962
4.400000 -0.380000
4.402778 -0.343038
4.405556 -0.338038
4.408333 -0.375000
4.411111 -0.421962
4.413889 -0.421962
4.416667 -0.375000
4.419444 -0.338038
4.422222 -0.338038
4.425000 -0.390000
4.427778 -0.446962
4.430556 -0.436962
4.433333 -0.390000
4.436111 -0.348038
4.438889 -0.343038
4.441667 -0.385000
4.444444 -0.426962
4.447222 -0.431962
4.450000 -0.395000
4.452778 -0.348038
4.455556 -0.338038
4.458333 -0.385000
4.461111 -0.441962
4.463889 -0.441962
4.466667 -0.410000
4.469444 -0.368038
4.472222 -0.353038
4.475000 -0.395000
4.477778 -0.436962
4.480556 -0.441962
4.483333 -0.400000
4.486111 -0.353038
4.488889 -0.348038
4.491667 -0.400000
4.494444 -0.436962
4.497222 -0.436962
4.500000 -0.405000
4.502778 -0.358038
4.505556 -0.353038
4.508333 -0.405000
4.511111 -0.446962
4.513889 -0.461962
4.516667 -0.410000
4.519444 -0.378038
4.522222 -0.368038
4.525000 -0.415000
4.527778 -0.466962
4.530556 -0.456962
4.533333 -0.420000
4.536111 -0.378038
4.538889 -0.373038
4.541667 -0.405000
4.544444 -0.461962
4.547222 -0.451962
4.550000 -0.390000
4.552778 -0.343038
4.555556 -0.328038
4.558333 -0.360000
4.561111 -0.406962
4.563889 -0.391962
4.566667 -0.350000
4.569444 -0.298038
4.572222 -0.278038
4.575000 -0.335000
4.577778 -0.371962
4.580556 -0.361962
4.583333 -0.310000
4.586111 -0.268038
4.588889 -0.258038
4.591667 -0.295000
4.594444 -0.341962
4.597222 -0.341962
4.600000 -0.295000
4.602778 -0.258038
4.605556 -0.263038
4.608333 -0.310000
4.611111 -0.351962
4.613889 -0.351962
4.616667 -0.310000
4.619444 -0.263038
4.622222 -0.253038
4.625000 -0.280000
4.627778 -0.331962
4.630556 -0.311962
4.633333 -0.260000
4.636111 -0.208038
4.638889 -0.233038
4.641667 -0.285000
4.644444 -0.366962
4.647222 -0.376962
4.650000 -0.345000
4.652778 -0.313038
4.655556 -0.318038
4.658333 -0.380000
4.661111 -0.436962
4.663889 -0.446962
4.666667 -0.405000
4.669444 -0.373038
4.672222 -0.363038
4.675000 -0.415000
4.677778 -0.466962
4.680556 -0.471962
4.683333 -0.430000
4.686111 -0.388038
4.688889 -0.388038
4.691667 -0.420000
4.694444 -0.491962
4.697222 -0.486962
4.700000 -0.435000
4.702778 -0.403038
4.705556 -0.393038
4.708333 -0.445000
4.711111 -0.476962
4.713889 -0.481962
4.716667 -0.430000
4.719444 -0.388038
4.722222 -0.383038
4.725000 -0.435000
4.727778 -0.501962
4.730556 -0.536962
4.733333 -0.520000
4.736111 -0.498038
4.738889 -0.533038
4.741667 -0.610000
4.744444 -0.636962
4.747222 -0.556962
4.750000 -0.385000
4.752778 -0.183038
4.755556 0.016962
4.758333 0.230000
4.761111 0.453038
4.763889 0.663038
4.766667 0.785000
4.769444 0.721962
4.772222 0.416962
4.775000 -0.030000
4.777778 -0.396962
4.780556 -0.566962
4.783333 -0.585000
4.786111 -0.508038
4.788889 -0.468038
4.791667 -0.475000
4.794444 -0.506962
4.797222 -0.516962
4.800000 -0.465000
4.802778 -0.418038
4.805556 -0.418038
4.808333 -0.460000
4.811111 -0.511962
4.813889 -0.516962
4.816667 -0.480000
4.819444 -0.433038
4.822222 -0.418038
4.825000 -0.465000
4.827778 -0.511962
4.830556 -0.516962
4.833333 -0.465000
4.836111 -0.418038
4.838889 -0.418038
4.841667 -0.465000
4.844444 -0.516962
4.847222 -0.511962
4.850000 -0.470000
4.852778 -0.428038
4.855556 -0.413038
4.858333 -0.455000
4.861111 -0.491962
4.863889 -0.496962
4.866667 -0.460000
4.869444 -0.413038
4.872222 -0.408038
4.875000 -0.450000
4.877778 -0.501962
4.880556 -0.501962
4.883333 -0.455000
4.886111 -0.418038
4.888889 -0.418038
4.891667 -0.460000
4.894444 -0.511962
4.897222 -0.501962
4.900000 -0.455000
4.902778 -0.413038
4.905556 -0.403038
4.908333 -0.445000
4.911111 -0.496962
4.913889 -0.496962
4.916667 -0.445000
4.919444 -0.403038
4.922222 -0.393038
4.925000 -0.445000
4.927778 -0.491962
4.930556 -0.496962
4.933333 -0.460000
4.936111 -0.408038
4.938889 -0.398038
4.941667 -0.440000
4.944444 -0.491962
4.947222 -0.496962
4.950000 -0.440000
4.952778 -0.393038
4.955556 -0.383038
4.958333 -0.425000
4.961111 -0.486962
4.963889 -0.486962
4.966667 -0.440000
4.969444 -0.398038
4.972222 -0.393038
4.975000 -0.440000
4.977778 -0.491962
4.980556 -0.506962
4.983333 -0.465000
4.986111 -0.428038
4.988889 -0.418038
4.991667 -0.465000
4.994444 -0.521962
4.997222 -0.531962
5.000000 -0.485000
