Czas[s] Amplituda
1.000000000000000000e+00 1.500000000000000000e+02
1.000999999999999890e+00 1.500000000000000000e+02
1.002000000000000002e+00 1.500000000000000000e+02
1.002999999999999892e+00 1.350000000000000000e+02
1.004000000000000004e+00 1.350000000000000000e+02
1.004999999999999893e+00 1.400000000000000000e+02
1.006000000000000005e+00 1.640000000000000000e+02
1.006999999999999895e+00 1.600000000000000000e+02
1.008000000000000007e+00 1.500000000000000000e+02
1.008999999999999897e+00 1.350000000000000000e+02
1.010000000000000009e+00 1.210000000000000000e+02
1.010999999999999899e+00 1.160000000000000000e+02
1.012000000000000011e+00 1.160000000000000000e+02
1.012999999999999901e+00 1.010000000000000000e+02
1.014000000000000012e+00 8.600000000000000000e+01
1.014999999999999902e+00 9.600000000000000000e+01
1.016000000000000014e+00 9.600000000000000000e+01
1.016999999999999904e+00 8.600000000000000000e+01
1.018000000000000016e+00 8.600000000000000000e+01
1.018999999999999906e+00 7.700000000000000000e+01
1.020000000000000018e+00 8.600000000000000000e+01
1.020999999999999908e+00 9.600000000000000000e+01
1.022000000000000020e+00 1.060000000000000000e+02
1.022999999999999909e+00 9.600000000000000000e+01
1.024000000000000021e+00 9.600000000000000000e+01
1.024999999999999911e+00 1.060000000000000000e+02
1.026000000000000023e+00 8.100000000000000000e+01
1.026999999999999913e+00 7.700000000000000000e+01
1.028000000000000025e+00 8.600000000000000000e+01
1.028999999999999915e+00 8.600000000000000000e+01
1.030000000000000027e+00 9.600000000000000000e+01
1.030999999999999917e+00 1.110000000000000000e+02
1.032000000000000028e+00 9.600000000000000000e+01
1.032999999999999918e+00 8.100000000000000000e+01
1.034000000000000030e+00 8.600000000000000000e+01
1.034999999999999920e+00 7.700000000000000000e+01
1.036000000000000032e+00 7.700000000000000000e+01
1.036999999999999922e+00 7.700000000000000000e+01
1.038000000000000034e+00 8.100000000000000000e+01
1.038999999999999924e+00 9.600000000000000000e+01
1.040000000000000036e+00 9.100000000000000000e+01
1.040999999999999925e+00 8.600000000000000000e+01
1.042000000000000037e+00 7.700000000000000000e+01
1.042999999999999927e+00 6.700000000000000000e+01
1.044000000000000039e+00 7.700000000000000000e+01
1.044999999999999929e+00 7.200000000000000000e+01
1.046000000000000041e+00 8.100000000000000000e+01
1.046999999999999931e+00 8.600000000000000000e+01
1.048000000000000043e+00 9.600000000000000000e+01
1.048999999999999932e+00 9.100000000000000000e+01
1.050000000000000044e+00 8.600000000000000000e+01
1.050999999999999934e+00 7.700000000000000000e+01
1.052000000000000046e+00 5.700000000000000000e+01
1.052999999999999936e+00 6.700000000000000000e+01
1.054000000000000048e+00 8.100000000000000000e+01
1.054999999999999938e+00 9.100000000000000000e+01
1.056000000000000050e+00 9.600000000000000000e+01
1.056999999999999940e+00 9.600000000000000000e+01
1.058000000000000052e+00 9.100000000000000000e+01
1.058999999999999941e+00 8.600000000000000000e+01
1.060000000000000053e+00 7.700000000000000000e+01
1.060999999999999943e+00 6.200000000000000000e+01
1.062000000000000055e+00 7.700000000000000000e+01
1.062999999999999945e+00 9.100000000000000000e+01
1.064000000000000057e+00 9.600000000000000000e+01
1.064999999999999947e+00 9.600000000000000000e+01
1.066000000000000059e+00 9.100000000000000000e+01
1.066999999999999948e+00 8.600000000000000000e+01
1.068000000000000060e+00 7.700000000000000000e+01
1.068999999999999950e+00 7.700000000000000000e+01
1.070000000000000062e+00 7.700000000000000000e+01
1.070999999999999952e+00 7.200000000000000000e+01
1.072000000000000064e+00 8.600000000000000000e+01
1.072999999999999954e+00 1.060000000000000000e+02
1.074000000000000066e+00 1.010000000000000000e+02
1.074999999999999956e+00 9.100000000000000000e+01
1.076000000000000068e+00 7.700000000000000000e+01
1.076999999999999957e+00 6.700000000000000000e+01
1.078000000000000069e+00 7.700000000000000000e+01
1.078999999999999959e+00 7.700000000000000000e+01
1.080000000000000071e+00 8.600000000000000000e+01
1.080999999999999961e+00 9.700000000000000000e+01
1.082000000000000073e+00 8.700000000000000000e+01
1.082999999999999963e+00 6.300000000000000000e+01
1.084000000000000075e+00 5.800000000000000000e+01
1.084999999999999964e+00 6.800000000000000000e+01
1.086000000000000076e+00 7.800000000000000000e+01
1.086999999999999966e+00 8.700000000000000000e+01
1.088000000000000078e+00 1.020000000000000000e+02
1.088999999999999968e+00 1.260000000000000000e+02
1.090000000000000080e+00 1.360000000000000000e+02
1.090999999999999970e+00 1.560000000000000000e+02
1.092000000000000082e+00 1.850000000000000000e+02
1.092999999999999972e+00 2.000000000000000000e+02
1.094000000000000083e+00 2.390000000000000000e+02
1.094999999999999973e+00 2.870000000000000000e+02
1.096000000000000085e+00 3.120000000000000000e+02
1.096999999999999975e+00 3.460000000000000000e+02
1.098000000000000087e+00 3.700000000000000000e+02
1.098999999999999977e+00 3.510000000000000000e+02
1.100000000000000089e+00 3.260000000000000000e+02
1.100999999999999979e+00 3.120000000000000000e+02
1.102000000000000091e+00 3.260000000000000000e+02
1.102999999999999980e+00 3.220000000000000000e+02
1.104000000000000092e+00 3.220000000000000000e+02
1.104999999999999982e+00 2.870000000000000000e+02
1.106000000000000094e+00 2.580000000000000000e+02
1.106999999999999984e+00 2.240000000000000000e+02
1.108000000000000096e+00 1.650000000000000000e+02
1.108999999999999986e+00 1.310000000000000000e+02
1.110000000000000098e+00 9.200000000000000000e+01
1.110999999999999988e+00 5.300000000000000000e+01
1.112000000000000099e+00 1.900000000000000000e+01
1.112999999999999989e+00 0.000000000000000000e+00
1.114000000000000101e+00 -3.400000000000000000e+01
1.114999999999999991e+00 -6.800000000000000000e+01
1.116000000000000103e+00 -1.070000000000000000e+02
1.116999999999999993e+00 -1.460000000000000000e+02
1.118000000000000105e+00 -1.610000000000000000e+02
1.118999999999999995e+00 -1.650000000000000000e+02
1.120000000000000107e+00 -1.850000000000000000e+02
1.120999999999999996e+00 -1.900000000000000000e+02
1.122000000000000108e+00 -1.900000000000000000e+02
1.122999999999999998e+00 -1.850000000000000000e+02
1.124000000000000110e+00 -1.850000000000000000e+02
1.125000000000000000e+00 -1.950000000000000000e+02
1.125999999999999890e+00 -1.950000000000000000e+02
1.127000000000000002e+00 -1.700000000000000000e+02
1.127999999999999892e+00 -1.500000000000000000e+02
1.129000000000000004e+00 -1.210000000000000000e+02
1.129999999999999893e+00 -7.200000000000000000e+01
1.131000000000000005e+00 -3.800000000000000000e+01
1.131999999999999895e+00 -8.000000000000000000e+00
1.133000000000000007e+00 1.000000000000000000e+00
1.133999999999999897e+00 1.000000000000000000e+00
1.135000000000000009e+00 2.000000000000000000e+01
1.135999999999999899e+00 3.000000000000000000e+01
1.137000000000000011e+00 4.000000000000000000e+01
1.137999999999999901e+00 8.300000000000000000e+01
1.139000000000000012e+00 9.800000000000000000e+01
1.139999999999999902e+00 1.080000000000000000e+02
1.141000000000000014e+00 1.030000000000000000e+02
1.141999999999999904e+00 9.300000000000000000e+01
1.143000000000000016e+00 1.030000000000000000e+02
1.143999999999999906e+00 8.800000000000000000e+01
1.145000000000000018e+00 8.800000000000000000e+01
1.145999999999999908e+00 1.030000000000000000e+02
1.147000000000000020e+00 1.130000000000000000e+02
1.147999999999999909e+00 1.230000000000000000e+02
1.149000000000000021e+00 1.230000000000000000e+02
1.149999999999999911e+00 1.130000000000000000e+02
1.151000000000000023e+00 9.800000000000000000e+01
1.151999999999999913e+00 1.180000000000000000e+02
1.153000000000000025e+00 9.800000000000000000e+01
1.153999999999999915e+00 1.030000000000000000e+02
1.155000000000000027e+00 1.270000000000000000e+02
1.155999999999999917e+00 1.230000000000000000e+02
1.157000000000000028e+00 1.180000000000000000e+02
1.157999999999999918e+00 1.320000000000000000e+02
1.159000000000000030e+00 1.230000000000000000e+02
1.159999999999999920e+00 9.800000000000000000e+01
1.161000000000000032e+00 1.080000000000000000e+02
1.161999999999999922e+00 1.230000000000000000e+02
1.163000000000000034e+00 1.230000000000000000e+02
1.163999999999999924e+00 1.270000000000000000e+02
1.165000000000000036e+00 1.270000000000000000e+02
1.165999999999999925e+00 1.270000000000000000e+02
1.167000000000000037e+00 1.180000000000000000e+02
1.167999999999999927e+00 1.230000000000000000e+02
1.169000000000000039e+00 1.180000000000000000e+02
1.169999999999999929e+00 1.180000000000000000e+02
1.171000000000000041e+00 1.180000000000000000e+02
1.171999999999999931e+00 1.180000000000000000e+02
1.173000000000000043e+00 1.420000000000000000e+02
1.173999999999999932e+00 1.420000000000000000e+02
1.175000000000000044e+00 1.130000000000000000e+02
1.175999999999999934e+00 1.180000000000000000e+02
1.177000000000000046e+00 1.130000000000000000e+02
1.177999999999999936e+00 1.080000000000000000e+02
1.179000000000000048e+00 1.180000000000000000e+02
1.179999999999999938e+00 1.320000000000000000e+02
1.181000000000000050e+00 1.320000000000000000e+02
1.181999999999999940e+00 1.420000000000000000e+02
1.183000000000000052e+00 1.370000000000000000e+02
1.183999999999999941e+00 1.230000000000000000e+02
1.185000000000000053e+00 1.080000000000000000e+02
1.185999999999999943e+00 1.180000000000000000e+02
1.187000000000000055e+00 1.230000000000000000e+02
1.187999999999999945e+00 1.370000000000000000e+02
1.189000000000000057e+00 1.470000000000000000e+02
1.189999999999999947e+00 1.470000000000000000e+02
1.191000000000000059e+00 1.470000000000000000e+02
1.191999999999999948e+00 1.370000000000000000e+02
1.193000000000000060e+00 1.180000000000000000e+02
1.193999999999999950e+00 1.270000000000000000e+02
1.195000000000000062e+00 1.320000000000000000e+02
1.195999999999999952e+00 1.370000000000000000e+02
1.197000000000000064e+00 1.470000000000000000e+02
1.197999999999999954e+00 1.520000000000000000e+02
1.199000000000000066e+00 1.520000000000000000e+02
1.199999999999999956e+00 1.370000000000000000e+02
1.201000000000000068e+00 1.230000000000000000e+02
1.201999999999999957e+00 1.270000000000000000e+02
1.203000000000000069e+00 1.370000000000000000e+02
1.203999999999999959e+00 1.420000000000000000e+02
1.205000000000000071e+00 1.470000000000000000e+02
1.205999999999999961e+00 1.520000000000000000e+02
1.207000000000000073e+00 1.520000000000000000e+02
1.207999999999999963e+00 1.620000000000000000e+02
1.209000000000000075e+00 1.570000000000000000e+02
1.209999999999999964e+00 1.420000000000000000e+02
1.211000000000000076e+00 1.470000000000000000e+02
1.211999999999999966e+00 1.570000000000000000e+02
1.213000000000000078e+00 1.660000000000000000e+02
1.213999999999999968e+00 1.760000000000000000e+02
1.215000000000000080e+00 1.660000000000000000e+02
1.215999999999999970e+00 1.710000000000000000e+02
1.217000000000000082e+00 1.760000000000000000e+02
1.217999999999999972e+00 1.620000000000000000e+02
1.219000000000000083e+00 1.570000000000000000e+02
1.219999999999999973e+00 1.660000000000000000e+02
1.221000000000000085e+00 1.760000000000000000e+02
1.221999999999999975e+00 1.820000000000000000e+02
1.223000000000000087e+00 2.020000000000000000e+02
1.223999999999999977e+00 2.060000000000000000e+02
1.225000000000000089e+00 2.020000000000000000e+02
1.225999999999999979e+00 1.970000000000000000e+02
1.227000000000000091e+00 1.870000000000000000e+02
1.227999999999999980e+00 1.870000000000000000e+02
1.229000000000000092e+00 2.110000000000000000e+02
1.229999999999999982e+00 2.160000000000000000e+02
1.231000000000000094e+00 2.260000000000000000e+02
1.231999999999999984e+00 2.260000000000000000e+02
1.233000000000000096e+00 2.110000000000000000e+02
1.233999999999999986e+00 2.160000000000000000e+02
1.235000000000000098e+00 2.160000000000000000e+02
1.235999999999999988e+00 2.060000000000000000e+02
1.237000000000000099e+00 2.160000000000000000e+02
1.237999999999999989e+00 2.310000000000000000e+02
1.239000000000000101e+00 2.310000000000000000e+02
1.239999999999999991e+00 2.500000000000000000e+02
1.241000000000000103e+00 2.460000000000000000e+02
1.241999999999999993e+00 2.360000000000000000e+02
1.243000000000000105e+00 2.160000000000000000e+02
1.243999999999999995e+00 2.210000000000000000e+02
1.245000000000000107e+00 2.160000000000000000e+02
1.245999999999999996e+00 2.260000000000000000e+02
1.247000000000000108e+00 2.460000000000000000e+02
1.247999999999999998e+00 2.500000000000000000e+02
1.249000000000000110e+00 2.550000000000000000e+02
1.250000000000000000e+00 2.460000000000000000e+02
1.250999999999999890e+00 2.410000000000000000e+02
1.252000000000000002e+00 2.310000000000000000e+02
1.252999999999999892e+00 2.210000000000000000e+02
1.254000000000000004e+00 2.210000000000000000e+02
1.254999999999999893e+00 2.460000000000000000e+02
1.256000000000000005e+00 2.460000000000000000e+02
1.256999999999999895e+00 2.360000000000000000e+02
1.258000000000000007e+00 2.310000000000000000e+02
1.258999999999999897e+00 2.210000000000000000e+02
1.260000000000000009e+00 2.020000000000000000e+02
1.260999999999999899e+00 1.970000000000000000e+02
1.262000000000000011e+00 1.920000000000000000e+02
1.262999999999999901e+00 1.870000000000000000e+02
1.264000000000000012e+00 1.970000000000000000e+02
1.264999999999999902e+00 1.970000000000000000e+02
1.266000000000000014e+00 1.970000000000000000e+02
1.266999999999999904e+00 1.670000000000000000e+02
1.268000000000000016e+00 1.480000000000000000e+02
1.268999999999999906e+00 1.580000000000000000e+02
1.270000000000000018e+00 1.530000000000000000e+02
1.270999999999999908e+00 1.530000000000000000e+02
1.272000000000000020e+00 1.580000000000000000e+02
1.272999999999999909e+00 1.480000000000000000e+02
1.274000000000000021e+00 1.430000000000000000e+02
1.274999999999999911e+00 1.580000000000000000e+02
1.276000000000000023e+00 1.280000000000000000e+02
1.276999999999999913e+00 1.190000000000000000e+02
1.278000000000000025e+00 1.190000000000000000e+02
1.278999999999999915e+00 1.090000000000000000e+02
1.280000000000000027e+00 1.190000000000000000e+02
1.280999999999999917e+00 1.380000000000000000e+02
1.282000000000000028e+00 1.240000000000000000e+02
1.282999999999999918e+00 1.240000000000000000e+02
1.284000000000000030e+00 1.190000000000000000e+02
1.284999999999999920e+00 1.040000000000000000e+02
1.286000000000000032e+00 1.090000000000000000e+02
1.286999999999999922e+00 1.040000000000000000e+02
1.288000000000000034e+00 1.140000000000000000e+02
1.288999999999999924e+00 1.240000000000000000e+02
1.290000000000000036e+00 1.140000000000000000e+02
1.290999999999999925e+00 1.140000000000000000e+02
1.292000000000000037e+00 1.090000000000000000e+02
1.292999999999999927e+00 9.900000000000000000e+01
1.294000000000000039e+00 9.400000000000000000e+01
1.294999999999999929e+00 1.040000000000000000e+02
1.296000000000000041e+00 1.040000000000000000e+02
1.296999999999999931e+00 1.040000000000000000e+02
1.298000000000000043e+00 1.190000000000000000e+02
1.298999999999999932e+00 1.280000000000000000e+02
1.300000000000000044e+00 1.090000000000000000e+02
1.300999999999999934e+00 1.040000000000000000e+02
1.302000000000000046e+00 8.900000000000000000e+01
1.302999999999999936e+00 8.900000000000000000e+01
1.304000000000000048e+00 1.040000000000000000e+02
1.304999999999999938e+00 1.090000000000000000e+02
1.306000000000000050e+00 1.090000000000000000e+02
1.306999999999999940e+00 1.090000000000000000e+02
1.308000000000000052e+00 1.040000000000000000e+02
1.308999999999999941e+00 9.900000000000000000e+01
1.310000000000000053e+00 9.900000000000000000e+01
1.310999999999999943e+00 9.900000000000000000e+01
1.312000000000000055e+00 8.900000000000000000e+01
1.312999999999999945e+00 9.400000000000000000e+01
1.314000000000000057e+00 1.190000000000000000e+02
1.314999999999999947e+00 1.190000000000000000e+02
1.316000000000000059e+00 1.090000000000000000e+02
1.316999999999999948e+00 9.400000000000000000e+01
1.318000000000000060e+00 9.900000000000000000e+01
1.318999999999999950e+00 9.400000000000000000e+01
1.320000000000000062e+00 9.400000000000000000e+01
1.320999999999999952e+00 9.400000000000000000e+01
1.322000000000000064e+00 1.090000000000000000e+02
1.322999999999999954e+00 1.240000000000000000e+02
1.324000000000000066e+00 1.190000000000000000e+02
1.324999999999999956e+00 1.090000000000000000e+02
1.326000000000000068e+00 1.040000000000000000e+02
1.326999999999999957e+00 8.900000000000000000e+01
1.328000000000000069e+00 8.900000000000000000e+01
1.328999999999999959e+00 1.090000000000000000e+02
1.330000000000000071e+00 1.090000000000000000e+02
1.330999999999999961e+00 1.190000000000000000e+02
1.332000000000000073e+00 1.240000000000000000e+02
1.332999999999999963e+00 1.240000000000000000e+02
1.334000000000000075e+00 1.140000000000000000e+02
1.334999999999999964e+00 9.400000000000000000e+01
1.336000000000000076e+00 9.400000000000000000e+01
1.336999999999999966e+00 9.900000000000000000e+01
1.338000000000000078e+00 1.090000000000000000e+02
1.338999999999999968e+00 1.140000000000000000e+02
1.340000000000000080e+00 1.330000000000000000e+02
1.340999999999999970e+00 1.280000000000000000e+02
1.342000000000000082e+00 1.140000000000000000e+02
1.342999999999999972e+00 1.140000000000000000e+02
1.344000000000000083e+00 1.090000000000000000e+02
1.344999999999999973e+00 1.090000000000000000e+02
1.346000000000000085e+00 1.240000000000000000e+02
1.346999999999999975e+00 1.280000000000000000e+02
1.348000000000000087e+00 1.330000000000000000e+02
1.348999999999999977e+00 1.330000000000000000e+02
1.350000000000000089e+00 1.280000000000000000e+02
1.350999999999999979e+00 1.140000000000000000e+02
1.352000000000000091e+00 1.090000000000000000e+02
1.352999999999999980e+00 1.090000000000000000e+02
1.354000000000000092e+00 1.190000000000000000e+02
1.354999999999999982e+00 1.240000000000000000e+02
1.356000000000000094e+00 1.430000000000000000e+02
1.356999999999999984e+00 1.380000000000000000e+02
1.358000000000000096e+00 1.330000000000000000e+02
1.358999999999999986e+00 1.240000000000000000e+02
1.360000000000000098e+00 1.190000000000000000e+02
1.360999999999999988e+00 1.090000000000000000e+02
1.362000000000000099e+00 1.090000000000000000e+02
1.362999999999999989e+00 1.290000000000000000e+02
1.364000000000000101e+00 1.440000000000000000e+02
1.364999999999999991e+00 1.340000000000000000e+02
1.366000000000000103e+00 1.200000000000000000e+02
1.366999999999999993e+00 1.200000000000000000e+02
1.368000000000000105e+00 1.150000000000000000e+02
1.368999999999999995e+00 1.200000000000000000e+02
1.370000000000000107e+00 1.200000000000000000e+02
1.370999999999999996e+00 1.250000000000000000e+02
1.372000000000000108e+00 1.390000000000000000e+02
1.372999999999999998e+00 1.490000000000000000e+02
1.374000000000000110e+00 1.390000000000000000e+02
1.375000000000000000e+00 1.340000000000000000e+02
1.375999999999999890e+00 1.200000000000000000e+02
1.377000000000000002e+00 1.100000000000000000e+02
1.377999999999999892e+00 1.150000000000000000e+02
1.379000000000000004e+00 1.150000000000000000e+02
1.379999999999999893e+00 1.150000000000000000e+02
1.381000000000000005e+00 1.390000000000000000e+02
1.381999999999999895e+00 1.390000000000000000e+02
1.383000000000000007e+00 1.340000000000000000e+02
1.383999999999999897e+00 1.250000000000000000e+02
1.385000000000000009e+00 1.200000000000000000e+02
1.385999999999999899e+00 1.150000000000000000e+02
1.387000000000000011e+00 1.200000000000000000e+02
1.387999999999999901e+00 1.290000000000000000e+02
1.389000000000000012e+00 1.340000000000000000e+02
1.389999999999999902e+00 1.390000000000000000e+02
1.391000000000000014e+00 1.440000000000000000e+02
1.391999999999999904e+00 1.200000000000000000e+02
1.393000000000000016e+00 1.100000000000000000e+02
1.393999999999999906e+00 1.100000000000000000e+02
1.395000000000000018e+00 1.050000000000000000e+02
1.395999999999999908e+00 1.290000000000000000e+02
1.397000000000000020e+00 1.290000000000000000e+02
1.397999999999999909e+00 1.250000000000000000e+02
1.399000000000000021e+00 1.340000000000000000e+02
1.399999999999999911e+00 1.250000000000000000e+02
1.401000000000000023e+00 1.200000000000000000e+02
1.401999999999999913e+00 1.100000000000000000e+02
1.403000000000000025e+00 1.100000000000000000e+02
1.403999999999999915e+00 1.250000000000000000e+02
1.405000000000000027e+00 1.250000000000000000e+02
1.405999999999999917e+00 1.340000000000000000e+02
1.407000000000000028e+00 1.340000000000000000e+02
1.407999999999999918e+00 1.200000000000000000e+02
1.409000000000000030e+00 1.100000000000000000e+02
1.409999999999999920e+00 1.110000000000000000e+02
1.411000000000000032e+00 1.060000000000000000e+02
1.411999999999999922e+00 1.060000000000000000e+02
1.413000000000000034e+00 8.600000000000000000e+01
1.413999999999999924e+00 9.600000000000000000e+01
1.415000000000000036e+00 1.060000000000000000e+02
1.415999999999999925e+00 9.600000000000000000e+01
1.417000000000000037e+00 9.600000000000000000e+01
1.417999999999999927e+00 1.160000000000000000e+02
1.419000000000000039e+00 1.010000000000000000e+02
1.419999999999999929e+00 8.600000000000000000e+01
1.421000000000000041e+00 1.060000000000000000e+02
1.421999999999999931e+00 8.600000000000000000e+01
1.423000000000000043e+00 7.700000000000000000e+01
1.423999999999999932e+00 9.100000000000000000e+01
1.425000000000000044e+00 9.600000000000000000e+01
1.425999999999999934e+00 1.110000000000000000e+02
1.427000000000000046e+00 1.060000000000000000e+02
1.427999999999999936e+00 9.100000000000000000e+01
1.429000000000000048e+00 9.600000000000000000e+01
1.429999999999999938e+00 7.700000000000000000e+01
1.431000000000000050e+00 8.100000000000000000e+01
1.431999999999999940e+00 9.100000000000000000e+01
1.433000000000000052e+00 1.010000000000000000e+02
1.433999999999999941e+00 1.110000000000000000e+02
1.435000000000000053e+00 1.060000000000000000e+02
1.435999999999999943e+00 1.060000000000000000e+02
1.437000000000000055e+00 9.600000000000000000e+01
1.437999999999999945e+00 7.700000000000000000e+01
1.439000000000000057e+00 7.200000000000000000e+01
1.439999999999999947e+00 8.600000000000000000e+01
1.441000000000000059e+00 8.100000000000000000e+01
1.441999999999999948e+00 1.010000000000000000e+02
1.443000000000000060e+00 1.160000000000000000e+02
1.443999999999999950e+00 1.110000000000000000e+02
1.445000000000000062e+00 1.110000000000000000e+02
1.445999999999999952e+00 1.060000000000000000e+02
1.447000000000000064e+00 9.100000000000000000e+01
1.447999999999999954e+00 9.600000000000000000e+01
1.449000000000000066e+00 9.600000000000000000e+01
1.449999999999999956e+00 1.110000000000000000e+02
1.451000000000000068e+00 1.350000000000000000e+02
1.451999999999999957e+00 1.250000000000000000e+02
1.453000000000000069e+00 1.110000000000000000e+02
1.453999999999999959e+00 1.160000000000000000e+02
1.455000000000000071e+00 1.060000000000000000e+02
1.455999999999999961e+00 1.160000000000000000e+02
1.457000000000000073e+00 1.250000000000000000e+02
1.457999999999999963e+00 1.350000000000000000e+02
1.459000000000000075e+00 1.450000000000000000e+02
1.459999999999999964e+00 1.400000000000000000e+02
1.461000000000000076e+00 1.400000000000000000e+02
1.461999999999999966e+00 1.350000000000000000e+02
1.463000000000000078e+00 1.160000000000000000e+02
1.463999999999999968e+00 1.060000000000000000e+02
1.465000000000000080e+00 1.010000000000000000e+02
1.465999999999999970e+00 1.300000000000000000e+02
1.467000000000000082e+00 1.600000000000000000e+02
1.467999999999999972e+00 1.640000000000000000e+02
1.469000000000000083e+00 1.600000000000000000e+02
1.469999999999999973e+00 1.500000000000000000e+02
1.471000000000000085e+00 1.500000000000000000e+02
1.471999999999999975e+00 1.500000000000000000e+02
1.473000000000000087e+00 1.350000000000000000e+02
1.473999999999999977e+00 1.350000000000000000e+02
1.475000000000000089e+00 1.400000000000000000e+02
1.475999999999999979e+00 1.640000000000000000e+02
1.477000000000000091e+00 1.600000000000000000e+02
1.477999999999999980e+00 1.500000000000000000e+02
1.479000000000000092e+00 1.350000000000000000e+02
1.479999999999999982e+00 1.210000000000000000e+02
1.481000000000000094e+00 1.160000000000000000e+02
1.481999999999999984e+00 1.160000000000000000e+02
1.483000000000000096e+00 1.010000000000000000e+02
1.483999999999999986e+00 8.600000000000000000e+01
1.485000000000000098e+00 9.600000000000000000e+01
1.485999999999999988e+00 9.600000000000000000e+01
1.487000000000000099e+00 8.600000000000000000e+01
1.487999999999999989e+00 8.600000000000000000e+01
1.489000000000000101e+00 7.700000000000000000e+01
1.489999999999999991e+00 8.600000000000000000e+01
1.491000000000000103e+00 9.600000000000000000e+01
1.491999999999999993e+00 1.060000000000000000e+02
1.493000000000000105e+00 9.600000000000000000e+01
1.493999999999999995e+00 9.600000000000000000e+01
1.495000000000000107e+00 1.060000000000000000e+02
1.495999999999999996e+00 8.100000000000000000e+01
1.497000000000000108e+00 7.700000000000000000e+01
1.497999999999999998e+00 8.600000000000000000e+01
1.499000000000000110e+00 8.600000000000000000e+01
1.500000000000000000e+00 9.600000000000000000e+01
1.500999999999999890e+00 1.110000000000000000e+02
1.502000000000000002e+00 9.600000000000000000e+01
1.502999999999999892e+00 8.100000000000000000e+01
1.504000000000000004e+00 8.600000000000000000e+01
1.504999999999999893e+00 7.700000000000000000e+01
1.506000000000000005e+00 7.700000000000000000e+01
1.506999999999999895e+00 7.700000000000000000e+01
1.508000000000000007e+00 8.100000000000000000e+01
1.508999999999999897e+00 9.600000000000000000e+01
1.510000000000000009e+00 9.100000000000000000e+01
1.510999999999999899e+00 8.600000000000000000e+01
1.512000000000000011e+00 7.700000000000000000e+01
1.512999999999999901e+00 6.700000000000000000e+01
1.514000000000000012e+00 7.700000000000000000e+01
1.514999999999999902e+00 7.200000000000000000e+01
1.516000000000000014e+00 8.100000000000000000e+01
1.516999999999999904e+00 8.600000000000000000e+01
1.518000000000000016e+00 9.600000000000000000e+01
1.518999999999999906e+00 9.100000000000000000e+01
1.520000000000000018e+00 8.600000000000000000e+01
1.520999999999999908e+00 7.700000000000000000e+01
1.522000000000000020e+00 5.700000000000000000e+01
1.522999999999999909e+00 6.700000000000000000e+01
1.524000000000000021e+00 8.100000000000000000e+01
1.524999999999999911e+00 9.100000000000000000e+01
1.526000000000000023e+00 9.600000000000000000e+01
1.526999999999999913e+00 9.600000000000000000e+01
1.528000000000000025e+00 9.100000000000000000e+01
1.528999999999999915e+00 8.600000000000000000e+01
1.530000000000000027e+00 7.700000000000000000e+01
1.530999999999999917e+00 6.200000000000000000e+01
1.532000000000000028e+00 7.700000000000000000e+01
1.532999999999999918e+00 9.100000000000000000e+01
1.534000000000000030e+00 9.600000000000000000e+01
1.534999999999999920e+00 9.600000000000000000e+01
1.536000000000000032e+00 9.100000000000000000e+01
1.536999999999999922e+00 8.600000000000000000e+01
1.538000000000000034e+00 7.700000000000000000e+01
1.538999999999999924e+00 7.700000000000000000e+01
1.540000000000000036e+00 7.700000000000000000e+01
1.540999999999999925e+00 7.200000000000000000e+01
1.542000000000000037e+00 8.600000000000000000e+01
1.542999999999999927e+00 1.060000000000000000e+02
1.544000000000000039e+00 1.010000000000000000e+02
1.544999999999999929e+00 9.100000000000000000e+01
1.546000000000000041e+00 7.700000000000000000e+01
1.546999999999999931e+00 6.700000000000000000e+01
1.548000000000000043e+00 7.700000000000000000e+01
1.548999999999999932e+00 7.700000000000000000e+01
1.550000000000000044e+00 8.600000000000000000e+01
1.550999999999999934e+00 9.700000000000000000e+01
1.552000000000000046e+00 8.700000000000000000e+01
1.552999999999999936e+00 6.300000000000000000e+01
1.554000000000000048e+00 5.800000000000000000e+01
1.554999999999999938e+00 6.800000000000000000e+01
1.556000000000000050e+00 7.800000000000000000e+01
1.556999999999999940e+00 8.700000000000000000e+01
1.558000000000000052e+00 1.020000000000000000e+02
1.558999999999999941e+00 1.260000000000000000e+02
1.560000000000000053e+00 1.360000000000000000e+02
1.560999999999999943e+00 1.560000000000000000e+02
1.562000000000000055e+00 1.850000000000000000e+02
1.562999999999999945e+00 2.000000000000000000e+02
1.564000000000000057e+00 2.390000000000000000e+02
1.564999999999999947e+00 2.870000000000000000e+02
1.566000000000000059e+00 3.120000000000000000e+02
1.566999999999999948e+00 3.460000000000000000e+02
1.568000000000000060e+00 3.700000000000000000e+02
1.568999999999999950e+00 3.510000000000000000e+02
1.570000000000000062e+00 3.260000000000000000e+02
1.570999999999999952e+00 3.120000000000000000e+02
1.572000000000000064e+00 3.260000000000000000e+02
1.572999999999999954e+00 3.220000000000000000e+02
1.574000000000000066e+00 3.220000000000000000e+02
1.574999999999999956e+00 2.870000000000000000e+02
1.576000000000000068e+00 2.580000000000000000e+02
1.576999999999999957e+00 2.240000000000000000e+02
1.578000000000000069e+00 1.650000000000000000e+02
1.578999999999999959e+00 1.310000000000000000e+02
1.580000000000000071e+00 9.200000000000000000e+01
1.580999999999999961e+00 5.300000000000000000e+01
1.582000000000000073e+00 1.900000000000000000e+01
1.582999999999999963e+00 0.000000000000000000e+00
1.584000000000000075e+00 -3.400000000000000000e+01
1.584999999999999964e+00 -6.800000000000000000e+01
1.586000000000000076e+00 -1.070000000000000000e+02
1.586999999999999966e+00 -1.460000000000000000e+02
1.588000000000000078e+00 -1.610000000000000000e+02
1.588999999999999968e+00 -1.650000000000000000e+02
1.590000000000000080e+00 -1.850000000000000000e+02
1.590999999999999970e+00 -1.900000000000000000e+02
1.592000000000000082e+00 -1.900000000000000000e+02
1.592999999999999972e+00 -1.850000000000000000e+02
1.594000000000000083e+00 -1.850000000000000000e+02
1.594999999999999973e+00 -1.950000000000000000e+02
1.596000000000000085e+00 -1.950000000000000000e+02
1.596999999999999975e+00 -1.700000000000000000e+02
1.598000000000000087e+00 -1.500000000000000000e+02
1.598999999999999977e+00 -1.210000000000000000e+02
1.600000000000000089e+00 -7.200000000000000000e+01
1.600999999999999979e+00 -3.800000000000000000e+01
1.602000000000000091e+00 -8.000000000000000000e+00
1.602999999999999980e+00 1.000000000000000000e+00
1.604000000000000092e+00 1.000000000000000000e+00
1.604999999999999982e+00 2.000000000000000000e+01
1.606000000000000094e+00 3.000000000000000000e+01
1.606999999999999984e+00 4.000000000000000000e+01
1.608000000000000096e+00 8.300000000000000000e+01
1.608999999999999986e+00 9.800000000000000000e+01
1.610000000000000098e+00 1.080000000000000000e+02
1.610999999999999988e+00 1.030000000000000000e+02
1.612000000000000099e+00 9.300000000000000000e+01
1.612999999999999989e+00 1.030000000000000000e+02
1.614000000000000101e+00 8.800000000000000000e+01
1.614999999999999991e+00 8.800000000000000000e+01
1.616000000000000103e+00 1.030000000000000000e+02
1.616999999999999993e+00 1.130000000000000000e+02
1.618000000000000105e+00 1.230000000000000000e+02
1.618999999999999995e+00 1.230000000000000000e+02
1.620000000000000107e+00 1.130000000000000000e+02
1.620999999999999996e+00 9.800000000000000000e+01
1.622000000000000108e+00 1.180000000000000000e+02
1.622999999999999998e+00 9.800000000000000000e+01
1.624000000000000110e+00 1.030000000000000000e+02
1.625000000000000000e+00 1.270000000000000000e+02
1.625999999999999890e+00 1.230000000000000000e+02
1.627000000000000002e+00 1.180000000000000000e+02
1.627999999999999892e+00 1.320000000000000000e+02
1.629000000000000004e+00 1.230000000000000000e+02
1.629999999999999893e+00 9.800000000000000000e+01
1.631000000000000005e+00 1.080000000000000000e+02
1.631999999999999895e+00 1.230000000000000000e+02
1.633000000000000007e+00 1.230000000000000000e+02
1.633999999999999897e+00 1.270000000000000000e+02
1.635000000000000009e+00 1.270000000000000000e+02
1.635999999999999899e+00 1.270000000000000000e+02
1.637000000000000011e+00 1.180000000000000000e+02
1.637999999999999901e+00 1.230000000000000000e+02
1.639000000000000012e+00 1.180000000000000000e+02
1.639999999999999902e+00 1.180000000000000000e+02
1.641000000000000014e+00 1.180000000000000000e+02
1.641999999999999904e+00 1.180000000000000000e+02
1.643000000000000016e+00 1.420000000000000000e+02
1.643999999999999906e+00 1.420000000000000000e+02
1.645000000000000018e+00 1.130000000000000000e+02
1.645999999999999908e+00 1.180000000000000000e+02
1.647000000000000020e+00 1.130000000000000000e+02
1.647999999999999909e+00 1.080000000000000000e+02
1.649000000000000021e+00 1.180000000000000000e+02
1.649999999999999911e+00 1.320000000000000000e+02
1.651000000000000023e+00 1.320000000000000000e+02
1.651999999999999913e+00 1.420000000000000000e+02
1.653000000000000025e+00 1.370000000000000000e+02
1.653999999999999915e+00 1.230000000000000000e+02
1.655000000000000027e+00 1.080000000000000000e+02
1.655999999999999917e+00 1.180000000000000000e+02
1.657000000000000028e+00 1.230000000000000000e+02
1.657999999999999918e+00 1.370000000000000000e+02
1.659000000000000030e+00 1.470000000000000000e+02
1.659999999999999920e+00 1.470000000000000000e+02
1.661000000000000032e+00 1.470000000000000000e+02
1.661999999999999922e+00 1.370000000000000000e+02
1.663000000000000034e+00 1.180000000000000000e+02
1.663999999999999924e+00 1.270000000000000000e+02
1.665000000000000036e+00 1.320000000000000000e+02
1.665999999999999925e+00 1.370000000000000000e+02
1.667000000000000037e+00 1.470000000000000000e+02
1.667999999999999927e+00 1.520000000000000000e+02
1.669000000000000039e+00 1.520000000000000000e+02
1.669999999999999929e+00 1.370000000000000000e+02
1.671000000000000041e+00 1.230000000000000000e+02
1.671999999999999931e+00 1.270000000000000000e+02
1.673000000000000043e+00 1.370000000000000000e+02
1.673999999999999932e+00 1.420000000000000000e+02
1.675000000000000044e+00 1.470000000000000000e+02
1.675999999999999934e+00 1.520000000000000000e+02
1.677000000000000046e+00 1.520000000000000000e+02
1.677999999999999936e+00 1.620000000000000000e+02
1.679000000000000048e+00 1.570000000000000000e+02
1.679999999999999938e+00 1.420000000000000000e+02
1.681000000000000050e+00 1.470000000000000000e+02
1.681999999999999940e+00 1.570000000000000000e+02
1.683000000000000052e+00 1.660000000000000000e+02
1.683999999999999941e+00 1.760000000000000000e+02
1.685000000000000053e+00 1.660000000000000000e+02
1.685999999999999943e+00 1.710000000000000000e+02
1.687000000000000055e+00 1.760000000000000000e+02
1.687999999999999945e+00 1.620000000000000000e+02
1.689000000000000057e+00 1.570000000000000000e+02
1.689999999999999947e+00 1.660000000000000000e+02
1.691000000000000059e+00 1.760000000000000000e+02
1.691999999999999948e+00 1.820000000000000000e+02
1.693000000000000060e+00 2.020000000000000000e+02
1.693999999999999950e+00 2.060000000000000000e+02
1.695000000000000062e+00 2.020000000000000000e+02
1.695999999999999952e+00 1.970000000000000000e+02
1.697000000000000064e+00 1.870000000000000000e+02
1.697999999999999954e+00 1.870000000000000000e+02
1.699000000000000066e+00 2.110000000000000000e+02
1.699999999999999956e+00 2.160000000000000000e+02
1.701000000000000068e+00 2.260000000000000000e+02
1.701999999999999957e+00 2.260000000000000000e+02
1.703000000000000069e+00 2.110000000000000000e+02
1.703999999999999959e+00 2.160000000000000000e+02
1.705000000000000071e+00 2.160000000000000000e+02
1.705999999999999961e+00 2.060000000000000000e+02
1.707000000000000073e+00 2.160000000000000000e+02
1.707999999999999963e+00 2.310000000000000000e+02
1.709000000000000075e+00 2.310000000000000000e+02
1.709999999999999964e+00 2.500000000000000000e+02
1.711000000000000076e+00 2.460000000000000000e+02
1.711999999999999966e+00 2.360000000000000000e+02
1.713000000000000078e+00 2.160000000000000000e+02
1.713999999999999968e+00 2.210000000000000000e+02
1.715000000000000080e+00 2.160000000000000000e+02
1.715999999999999970e+00 2.260000000000000000e+02
1.717000000000000082e+00 2.460000000000000000e+02
1.717999999999999972e+00 2.500000000000000000e+02
1.719000000000000083e+00 2.550000000000000000e+02
1.719999999999999973e+00 2.460000000000000000e+02
1.721000000000000085e+00 2.410000000000000000e+02
1.721999999999999975e+00 2.310000000000000000e+02
1.723000000000000087e+00 2.210000000000000000e+02
1.723999999999999977e+00 2.210000000000000000e+02
1.725000000000000089e+00 2.460000000000000000e+02
1.725999999999999979e+00 2.460000000000000000e+02
1.727000000000000091e+00 2.360000000000000000e+02
1.727999999999999980e+00 2.310000000000000000e+02
1.729000000000000092e+00 2.210000000000000000e+02
1.729999999999999982e+00 2.020000000000000000e+02
1.731000000000000094e+00 1.970000000000000000e+02
1.731999999999999984e+00 1.920000000000000000e+02
1.733000000000000096e+00 1.870000000000000000e+02
1.733999999999999986e+00 1.970000000000000000e+02
1.735000000000000098e+00 1.970000000000000000e+02
1.735999999999999988e+00 1.970000000000000000e+02
1.737000000000000099e+00 1.670000000000000000e+02
1.737999999999999989e+00 1.480000000000000000e+02
1.739000000000000101e+00 1.580000000000000000e+02
1.739999999999999991e+00 1.530000000000000000e+02
1.741000000000000103e+00 1.530000000000000000e+02
1.741999999999999993e+00 1.580000000000000000e+02
1.743000000000000105e+00 1.480000000000000000e+02
1.743999999999999995e+00 1.430000000000000000e+02
1.745000000000000107e+00 1.580000000000000000e+02
1.745999999999999996e+00 1.280000000000000000e+02
1.747000000000000108e+00 1.190000000000000000e+02
1.747999999999999998e+00 1.190000000000000000e+02
1.749000000000000110e+00 1.090000000000000000e+02
1.750000000000000000e+00 1.190000000000000000e+02
1.750999999999999890e+00 1.380000000000000000e+02
1.752000000000000002e+00 1.240000000000000000e+02
1.752999999999999892e+00 1.240000000000000000e+02
1.754000000000000004e+00 1.190000000000000000e+02
1.754999999999999893e+00 1.040000000000000000e+02
1.756000000000000005e+00 1.090000000000000000e+02
1.756999999999999895e+00 1.040000000000000000e+02
1.758000000000000007e+00 1.140000000000000000e+02
1.758999999999999897e+00 1.240000000000000000e+02
1.760000000000000009e+00 1.140000000000000000e+02
1.760999999999999899e+00 1.140000000000000000e+02
1.762000000000000011e+00 1.090000000000000000e+02
1.762999999999999901e+00 9.900000000000000000e+01
1.764000000000000012e+00 9.400000000000000000e+01
1.764999999999999902e+00 1.040000000000000000e+02
1.766000000000000014e+00 1.040000000000000000e+02
1.766999999999999904e+00 1.040000000000000000e+02
1.768000000000000016e+00 1.190000000000000000e+02
1.768999999999999906e+00 1.280000000000000000e+02
1.770000000000000018e+00 1.090000000000000000e+02
1.770999999999999908e+00 1.040000000000000000e+02
1.772000000000000020e+00 8.900000000000000000e+01
1.772999999999999909e+00 8.900000000000000000e+01
1.774000000000000021e+00 1.040000000000000000e+02
1.774999999999999911e+00 1.090000000000000000e+02
1.776000000000000023e+00 1.090000000000000000e+02
1.776999999999999913e+00 1.090000000000000000e+02
1.778000000000000025e+00 1.040000000000000000e+02
1.778999999999999915e+00 9.900000000000000000e+01
1.780000000000000027e+00 9.900000000000000000e+01
1.780999999999999917e+00 9.900000000000000000e+01
1.782000000000000028e+00 8.900000000000000000e+01
1.782999999999999918e+00 9.400000000000000000e+01
1.784000000000000030e+00 1.190000000000000000e+02
1.784999999999999920e+00 1.190000000000000000e+02
1.786000000000000032e+00 1.090000000000000000e+02
1.786999999999999922e+00 9.400000000000000000e+01
1.788000000000000034e+00 9.900000000000000000e+01
1.788999999999999924e+00 9.400000000000000000e+01
1.790000000000000036e+00 9.400000000000000000e+01
1.790999999999999925e+00 9.400000000000000000e+01
1.792000000000000037e+00 1.090000000000000000e+02
1.792999999999999927e+00 1.240000000000000000e+02
1.794000000000000039e+00 1.190000000000000000e+02
1.794999999999999929e+00 1.090000000000000000e+02
1.796000000000000041e+00 1.040000000000000000e+02
1.796999999999999931e+00 8.900000000000000000e+01
1.798000000000000043e+00 8.900000000000000000e+01
1.798999999999999932e+00 1.090000000000000000e+02
1.800000000000000044e+00 1.090000000000000000e+02
1.800999999999999934e+00 1.190000000000000000e+02
1.802000000000000046e+00 1.240000000000000000e+02
1.802999999999999936e+00 1.240000000000000000e+02
1.804000000000000048e+00 1.140000000000000000e+02
1.804999999999999938e+00 9.400000000000000000e+01
1.806000000000000050e+00 9.400000000000000000e+01
1.806999999999999940e+00 9.900000000000000000e+01
1.808000000000000052e+00 1.090000000000000000e+02
1.808999999999999941e+00 1.140000000000000000e+02
1.810000000000000053e+00 1.330000000000000000e+02
1.810999999999999943e+00 1.280000000000000000e+02
1.812000000000000055e+00 1.140000000000000000e+02
1.812999999999999945e+00 1.140000000000000000e+02
1.814000000000000057e+00 1.090000000000000000e+02
1.814999999999999947e+00 1.090000000000000000e+02
1.816000000000000059e+00 1.240000000000000000e+02
1.816999999999999948e+00 1.280000000000000000e+02
1.818000000000000060e+00 1.330000000000000000e+02
1.818999999999999950e+00 1.330000000000000000e+02
1.820000000000000062e+00 1.280000000000000000e+02
1.820999999999999952e+00 1.140000000000000000e+02
1.822000000000000064e+00 1.090000000000000000e+02
1.822999999999999954e+00 1.090000000000000000e+02
1.824000000000000066e+00 1.190000000000000000e+02
1.824999999999999956e+00 1.240000000000000000e+02
1.826000000000000068e+00 1.430000000000000000e+02
1.826999999999999957e+00 1.380000000000000000e+02
1.828000000000000069e+00 1.330000000000000000e+02
1.828999999999999959e+00 1.240000000000000000e+02
1.830000000000000071e+00 1.190000000000000000e+02
1.830999999999999961e+00 1.090000000000000000e+02
1.832000000000000073e+00 1.090000000000000000e+02
1.832999999999999963e+00 1.290000000000000000e+02
1.834000000000000075e+00 1.440000000000000000e+02
1.834999999999999964e+00 1.340000000000000000e+02
1.836000000000000076e+00 1.200000000000000000e+02
1.836999999999999966e+00 1.200000000000000000e+02
1.838000000000000078e+00 1.150000000000000000e+02
1.838999999999999968e+00 1.200000000000000000e+02
1.840000000000000080e+00 1.200000000000000000e+02
1.840999999999999970e+00 1.250000000000000000e+02
1.842000000000000082e+00 1.390000000000000000e+02
1.842999999999999972e+00 1.490000000000000000e+02
1.844000000000000083e+00 1.390000000000000000e+02
1.844999999999999973e+00 1.340000000000000000e+02
1.846000000000000085e+00 1.200000000000000000e+02
1.846999999999999975e+00 1.100000000000000000e+02
1.848000000000000087e+00 1.150000000000000000e+02
1.848999999999999977e+00 1.150000000000000000e+02
1.850000000000000089e+00 1.150000000000000000e+02
1.850999999999999979e+00 1.390000000000000000e+02
1.852000000000000091e+00 1.390000000000000000e+02
1.852999999999999980e+00 1.340000000000000000e+02
1.854000000000000092e+00 1.250000000000000000e+02
1.854999999999999982e+00 1.200000000000000000e+02
1.856000000000000094e+00 1.150000000000000000e+02
1.856999999999999984e+00 1.200000000000000000e+02
1.858000000000000096e+00 1.290000000000000000e+02
1.858999999999999986e+00 1.340000000000000000e+02
1.860000000000000098e+00 1.390000000000000000e+02
1.860999999999999988e+00 1.440000000000000000e+02
1.862000000000000099e+00 1.200000000000000000e+02
1.862999999999999989e+00 1.100000000000000000e+02
1.864000000000000101e+00 1.100000000000000000e+02
1.864999999999999991e+00 1.050000000000000000e+02
1.866000000000000103e+00 1.290000000000000000e+02
1.866999999999999993e+00 1.290000000000000000e+02
1.868000000000000105e+00 1.250000000000000000e+02
1.868999999999999995e+00 1.340000000000000000e+02
1.870000000000000107e+00 1.250000000000000000e+02
1.870999999999999996e+00 1.200000000000000000e+02
1.872000000000000108e+00 1.100000000000000000e+02
1.872999999999999998e+00 1.100000000000000000e+02
1.874000000000000110e+00 1.250000000000000000e+02
1.875000000000000000e+00 1.250000000000000000e+02
1.875999999999999890e+00 1.340000000000000000e+02
1.877000000000000002e+00 1.340000000000000000e+02
1.877999999999999892e+00 1.200000000000000000e+02
1.879000000000000004e+00 1.100000000000000000e+02
1.879999999999999893e+00 1.110000000000000000e+02
1.881000000000000005e+00 1.060000000000000000e+02
1.881999999999999895e+00 1.060000000000000000e+02
1.883000000000000007e+00 8.600000000000000000e+01
1.883999999999999897e+00 9.600000000000000000e+01
1.885000000000000009e+00 1.060000000000000000e+02
1.885999999999999899e+00 9.600000000000000000e+01
1.887000000000000011e+00 9.600000000000000000e+01
1.887999999999999901e+00 1.160000000000000000e+02
1.889000000000000012e+00 1.010000000000000000e+02
1.889999999999999902e+00 8.600000000000000000e+01
1.891000000000000014e+00 1.060000000000000000e+02
1.891999999999999904e+00 8.600000000000000000e+01
1.893000000000000016e+00 7.700000000000000000e+01
1.893999999999999906e+00 9.100000000000000000e+01
1.895000000000000018e+00 9.600000000000000000e+01
1.895999999999999908e+00 1.110000000000000000e+02
1.897000000000000020e+00 1.060000000000000000e+02
1.897999999999999909e+00 9.100000000000000000e+01
1.899000000000000021e+00 9.600000000000000000e+01
1.899999999999999911e+00 7.700000000000000000e+01
1.901000000000000023e+00 8.100000000000000000e+01
1.901999999999999913e+00 9.100000000000000000e+01
1.903000000000000025e+00 1.010000000000000000e+02
1.903999999999999915e+00 1.110000000000000000e+02
1.905000000000000027e+00 1.060000000000000000e+02
1.905999999999999917e+00 1.060000000000000000e+02
1.907000000000000028e+00 9.600000000000000000e+01
1.907999999999999918e+00 7.700000000000000000e+01
1.909000000000000030e+00 7.200000000000000000e+01
1.909999999999999920e+00 8.600000000000000000e+01
1.911000000000000032e+00 8.100000000000000000e+01
1.911999999999999922e+00 1.010000000000000000e+02
1.913000000000000034e+00 1.160000000000000000e+02
1.913999999999999924e+00 1.110000000000000000e+02
1.915000000000000036e+00 1.110000000000000000e+02
1.915999999999999925e+00 1.060000000000000000e+02
1.917000000000000037e+00 9.100000000000000000e+01
1.917999999999999927e+00 9.600000000000000000e+01
1.919000000000000039e+00 9.600000000000000000e+01
1.919999999999999929e+00 1.110000000000000000e+02
1.921000000000000041e+00 1.350000000000000000e+02
1.921999999999999931e+00 1.250000000000000000e+02
1.923000000000000043e+00 1.110000000000000000e+02
1.923999999999999932e+00 1.160000000000000000e+02
1.925000000000000044e+00 1.060000000000000000e+02
1.925999999999999934e+00 1.160000000000000000e+02
1.927000000000000046e+00 1.250000000000000000e+02
1.927999999999999936e+00 1.350000000000000000e+02
1.929000000000000048e+00 1.450000000000000000e+02
1.929999999999999938e+00 1.400000000000000000e+02
1.931000000000000050e+00 1.400000000000000000e+02
1.931999999999999940e+00 1.350000000000000000e+02
1.933000000000000052e+00 1.160000000000000000e+02
1.933999999999999941e+00 1.060000000000000000e+02
1.935000000000000053e+00 1.010000000000000000e+02
1.935999999999999943e+00 1.300000000000000000e+02
1.937000000000000055e+00 1.600000000000000000e+02
1.937999999999999945e+00 1.640000000000000000e+02
1.939000000000000057e+00 1.600000000000000000e+02
1.939999999999999947e+00 1.500000000000000000e+02
1.941000000000000059e+00 1.500000000000000000e+02
1.941999999999999948e+00 1.500000000000000000e+02
1.943000000000000060e+00 1.350000000000000000e+02
1.943999999999999950e+00 1.350000000000000000e+02
1.945000000000000062e+00 1.400000000000000000e+02
1.945999999999999952e+00 1.640000000000000000e+02
1.947000000000000064e+00 1.600000000000000000e+02
1.947999999999999954e+00 1.500000000000000000e+02
1.949000000000000066e+00 1.350000000000000000e+02
1.949999999999999956e+00 1.210000000000000000e+02
1.951000000000000068e+00 1.160000000000000000e+02
1.951999999999999957e+00 1.160000000000000000e+02
1.953000000000000069e+00 1.010000000000000000e+02
1.953999999999999959e+00 8.600000000000000000e+01
1.955000000000000071e+00 9.600000000000000000e+01
1.955999999999999961e+00 9.600000000000000000e+01
1.957000000000000073e+00 8.600000000000000000e+01
1.957999999999999963e+00 8.600000000000000000e+01
1.959000000000000075e+00 7.700000000000000000e+01
1.959999999999999964e+00 8.600000000000000000e+01
1.961000000000000076e+00 9.600000000000000000e+01
1.961999999999999966e+00 1.060000000000000000e+02
1.963000000000000078e+00 9.600000000000000000e+01
1.963999999999999968e+00 9.600000000000000000e+01
1.965000000000000080e+00 1.060000000000000000e+02
1.965999999999999970e+00 8.100000000000000000e+01
1.967000000000000082e+00 7.700000000000000000e+01
1.967999999999999972e+00 8.600000000000000000e+01
1.969000000000000083e+00 8.600000000000000000e+01
1.969999999999999973e+00 9.600000000000000000e+01
1.971000000000000085e+00 1.110000000000000000e+02
1.971999999999999975e+00 9.600000000000000000e+01
1.973000000000000087e+00 8.100000000000000000e+01
1.973999999999999977e+00 8.600000000000000000e+01
1.975000000000000089e+00 7.700000000000000000e+01
1.975999999999999979e+00 7.700000000000000000e+01
1.977000000000000091e+00 7.700000000000000000e+01
1.977999999999999980e+00 8.100000000000000000e+01
1.979000000000000092e+00 9.600000000000000000e+01
1.979999999999999982e+00 9.100000000000000000e+01
1.981000000000000094e+00 8.600000000000000000e+01
1.981999999999999984e+00 7.700000000000000000e+01
1.983000000000000096e+00 6.700000000000000000e+01
1.983999999999999986e+00 7.700000000000000000e+01
1.985000000000000098e+00 7.200000000000000000e+01
1.985999999999999988e+00 8.100000000000000000e+01
1.987000000000000099e+00 8.600000000000000000e+01
1.987999999999999989e+00 9.600000000000000000e+01
1.989000000000000101e+00 9.100000000000000000e+01
1.989999999999999991e+00 8.600000000000000000e+01
1.991000000000000103e+00 7.700000000000000000e+01
1.991999999999999993e+00 5.700000000000000000e+01
1.993000000000000105e+00 6.700000000000000000e+01
1.993999999999999995e+00 8.100000000000000000e+01
1.995000000000000107e+00 9.100000000000000000e+01
1.995999999999999996e+00 9.600000000000000000e+01
1.997000000000000108e+00 9.600000000000000000e+01
1.997999999999999998e+00 9.100000000000000000e+01
1.999000000000000110e+00 8.600000000000000000e+01
2.000000000000000000e+00 7.700000000000000000e+01
